φ   N   ψ
310 25  0
315 24  0
320 50  0
325 142 0
330 284 0
335 489 0
340 583 0
345 442 0
350 245 0
355 152 0
0   364 0
5   537 0
10  556 0
15  301 0
20  49  0
25  40  0
30  28  0
320 30  60
325 86  60
330 300 60
335 532 60
340 620 60
345 387 60
350 138 60
355 25  60
0   19  60
5   31  60
10  204 60
15  593 60
20  898 60
25  702 60
30  410 60
35  108 60
40  33  60
330 41  90
335 184 90
340 441 90
345 589 90
350 465 90
355 168 90
0   35  90
5   55  90
10  258 90
15  584 90
20  898 90
25  845 90
30  520 90
35  211 90
40  54  90