2000.069336	.94332
2000.310424	.94298
2000.551513	.9427
2000.792601	.94071
2001.033690	.93998
2001.274778	.94104
2001.515866	.94154
2001.756955	.94096
2001.998043	.9414
2002.239132	.94185
2002.480220	.94415
2002.721308	.94233
2002.962397	.93988
2003.203485	.94127
2003.444573	.944
2003.685662	.94517
2003.926750	.94703
2004.167839	.94313
2004.408927	.93703
2004.650015	.93709
2004.891104	.93945
2005.132192	.94144
2005.373281	.9437
2005.614369	.94395
2005.855457	.94306
2006.096546	.94381
2006.337634	.94572
2006.578723	.94481
2006.819811	.94355
2007.060899	.94115
2007.301988	.93813
2007.543076	.93861
2007.784165	.93974
2008.025253	.93852
2008.266341	.94236
2008.507430	.94332
2008.748518	.94007
2008.989607	.94019
2009.230695	.94103
2009.471783	.94
2009.712872	.94203
2009.953960	.94288
2010.195049	.9434
2010.436137	.94248
2010.677225	.94014
2010.918314	.9398
2011.159402	.9396
2011.400491	.94019
2011.641579	.93928
2011.882667	.94112
2012.123756	.94342
2012.364844	.9414
2012.605933	.9415
2012.847021	.94222
2013.088109	.94233
2013.329198	.94138
2013.570286	.94039
2013.811375	.9428
2014.052463	.94168
2014.293551	.93939
2014.534640	.94363
2014.775728	.94559
2015.016817	.94344
2015.257905	.9412
2015.498993	.94257
2015.740082	.94682
2015.981170	.94274
2016.222258	.93895
2016.463347	.93904
2016.704435	.9416
2016.945524	.94252
2017.186612	.94444
2017.427700	.94388
2017.668789	.94034
2017.909877	.94022
2018.150966	.94372
2018.392054	.94376
2018.633142	.94089
2018.874231	.94276
2019.115319	.94463
2019.356408	.94333
2019.597496	.94137
2019.838584	.94232
2020.079673	.94442
2020.320761	.94345
2020.561850	.94202
2020.802938	.93885
2021.044026	.93732
2021.285115	.9408
2021.526203	.9418
2021.767292	.94465
2022.008380	.94371
2022.249468	.94145
2022.490557	.94168
2022.731645	.94152
2022.972734	.94066
2023.213822	.93721
2023.454910	.93905
2023.695999	.94042
2023.937087	.94124
2024.178176	.93805
2024.419264	.93665
2024.660352	.94109
2024.901441	.94217
2025.142529	.94123
2025.383618	.94283
2025.624706	.94238
2025.865794	.94126
2026.106883	.94185
2026.347971	.94476
2026.589060	.94592
2026.830148	.94452
2027.071236	.9411
2027.312325	.93788
2027.553413	.93671
2027.794502	.93633
2028.035590	.93754
2028.276678	.93898
2028.517767	.9426
2028.758855	.94714
2028.999943	.94589
2029.241032	.9418
2029.482120	.93952
2029.723209	.94413
2029.964297	.94579
2030.205385	.94122
2030.446474	.93769
2030.687562	.93668
2030.928651	.9391
2031.169739	.93923
2031.410827	.94002
2031.651916	.9395
2031.893004	.9404
2032.134093	.94216
2032.375181	.9385
2032.616269	.93625
2032.857358	.94054
2033.098446	.94116
2033.339535	.93974
2033.580623	.93791
2033.821711	.93801
2034.062800	.93983
2034.303888	.93874
2034.544977	.93892
2034.786065	.93937
2035.027153	.94043
2035.268242	.94298
2035.509330	.94068
2035.750419	.93893
2035.991507	.94131
2036.232595	.94385
2036.473684	.94322
2036.714772	.94178
2036.955861	.93624
2037.196949	.92815
2037.438037	.93042
2037.679126	.9357
2037.920214	.93848
2038.161303	.94087
2038.402391	.94084
2038.643479	.94086
2038.884568	.93998
2039.125656	.9379
2039.366745	.93958
2039.607833	.93787
2039.848921	.93679
2040.090010	.93891
2040.331098	.94184
2040.572187	.94053
2040.813275	.94001
2041.054363	.94447
2041.295452	.94338
2041.536540	.9335
2041.777629	.91945
2042.018717	.92215
2042.259805	.9387
2042.500894	.94544
2042.741982	.94522
2042.983070	.94114
2043.224159	.93918
2043.465247	.9417
2043.706336	.94502
2043.947424	.94237
2044.188512	.94347
2044.429601	.94678
2044.670689	.94534
2044.911778	.94361
2045.152866	.94371
2045.393954	.94502
2045.635043	.94303
2045.876131	.93596
2046.117220	.93081
2046.358308	.917
2046.599396	.91578
2046.840485	.93736
2047.081573	.94015
2047.322662	.93838
2047.563750	.94134
2047.804838	.94296
2048.045927	.94343
2048.287015	.94238
2048.528104	.94188
2048.769192	.9424
2049.010280	.94282
2049.251369	.94507
2049.492457	.94327
2049.733546	.93891
2049.974634	.9354
2050.215722	.93745
2050.456811	.94069
2050.697899	.93484
2050.938988	.90733
2051.180076	.90224
2051.421164	.92983
2051.662253	.93974
2051.903341	.94068
2052.144430	.94061
2052.385518	.93796
2052.626606	.93699
2052.867695	.94104
2053.108783	.9437
2053.349872	.94333
2053.590960	.94257
2053.832048	.93655
2054.073137	.92937
2054.314225	.9306
2054.555314	.93512
2054.796402	.93979
2055.037490	.93877
2055.278579	.92817
2055.519667	.89493
2055.760755	.8965
2056.001844	.93286
2056.242932	.94242
2056.484021	.94161
2056.725109	.94108
2056.966197	.94147
2057.207286	.94254
2057.448374	.9429
2057.689463	.94266
2057.930551	.93359
2058.171639	.92917
2058.412728	.93726
2058.653816	.94176
2058.894905	.94283
2059.135993	.9413
2059.377081	.94154
2059.618170	.94046
2059.859258	.91385
2060.100347	.87026
2060.341435	.89606
2060.582523	.93634
2060.823612	.94118
2061.064700	.94238
2061.305789	.94007
2061.546877	.93831
2061.787965	.93751
2062.029054	.93241
2062.270142	.93651
2062.511231	.94099
2062.752319	.94415
2062.993407	.94248
2063.234496	.93936
2063.475584	.93917
2063.716673	.93912
2063.957761	.939
2064.198849	.92862
2064.439938	.87872
2064.681026	.85339
2064.922115	.91057
2065.163203	.93906
2065.404291	.94018
2065.645380	.93775
2065.886468	.93211
2066.127557	.93367
2066.368645	.93868
2066.609733	.93905
2066.850822	.94056
2067.091910	.9418
2067.332999	.94084
2067.574087	.94051
2067.815175	.94336
2068.056264	.94222
2068.297352	.93988
2068.538440	.9348
2068.779529	.89928
2069.020617	.83362
2069.261706	.86522
2069.502794	.92497
2069.743882	.92938
2069.984971	.93019
2070.226059	.93763
2070.467148	.94089
2070.708236	.94254
2070.949324	.94425
2071.190413	.94459
2071.431501	.94135
2071.672590	.93996
2071.913678	.9403
2072.154766	.94162
2072.395855	.94066
2072.636943	.93992
2072.878032	.94013
2073.119120	.91609
2073.360208	.82728
2073.601297	.8078
2073.842385	.89513
2074.083474	.93423
2074.324562	.94046
2074.565650	.94091
2074.806739	.94019
2075.047827	.93773
2075.288916	.9363
2075.530004	.9401
2075.771092	.94343
2076.012181	.9435
2076.253269	.94246
2076.494358	.9415
2076.735446	.94114
2076.976534	.94079
2077.217623	.93315
2077.458711	.90568
2077.699800	.81923
2077.940888	.7864
2078.181976	.88707
2078.423065	.93754
2078.664153	.94248
2078.905242	.94167
2079.146330	.93928
2079.387418	.93716
2079.628507	.93968
2079.869595	.94029
2080.110684	.94055
2080.351772	.93988
2080.592860	.93993
2080.833949	.94087
2081.075037	.93778
2081.316126	.93189
2081.557214	.93193
2081.798302	.91642
2082.039391	.81968
2082.280479	.76006
2082.521567	.86783
2082.762656	.93253
2083.003744	.93955
2083.244833	.94101
2083.485921	.94355
2083.727009	.9455
2083.968098	.94519
2084.209186	.9421
2084.450275	.93819
2084.691363	.93745
2084.932451	.93448
2085.173540	.93161
2085.414628	.93317
2085.655717	.935
2085.896805	.93688
2086.137893	.91152
2086.378982	.79552
2086.620070	.74651
2086.861159	.87344
2087.102247	.93422
2087.343335	.93965
2087.584424	.94055
2087.825512	.93996
2088.066601	.94071
2088.307689	.94356
2088.548777	.94354
2088.789866	.9377
2089.030954	.93572
2089.272043	.93798
2089.513131	.94012
2089.754219	.94287
2089.995308	.94329
2090.236396	.93407
2090.477485	.88433
2090.718573	.74701
2090.959661	.74222
2091.200750	.88379
2091.441838	.93582
2091.682927	.94287
2091.924015	.94226
2092.165103	.94098
2092.406192	.94004
2092.647280	.93902
2092.888369	.94097
2093.129457	.93908
2093.370545	.93797
2093.611634	.93828
2093.852722	.94038
2094.093811	.94292
2094.334899	.94338
2094.575987	.92886
2094.817076	.83236
2095.058164	.69574
2095.299252	.7827
2095.540341	.91505
2095.781429	.93525
2096.022518	.93547
2096.263606	.93774
2096.504694	.93736
2096.745783	.93862
2096.986871	.94086
2097.227960	.94484
2097.469048	.94576
2097.710136	.94188
2097.951225	.93971
2098.192313	.93911
2098.433402	.93931
2098.674490	.93603
2098.915578	.89303
2099.156667	.74139
2099.397755	.69535
2099.638844	.85332
2099.879932	.92501
2100.121020	.93181
2100.362109	.93745
2100.603197	.9391
2100.844286	.93728
2101.085374	.93765
2101.326462	.93836
2101.567551	.93936
2101.808639	.93987
2102.049728	.93995
2102.290816	.94125
2102.531904	.9416
2102.772993	.93696
2103.014081	.91238
2103.255170	.79252
2103.496258	.65923
2103.737346	.77773
2103.978435	.91205
2104.219523	.93863
2104.460612	.94258
2104.701700	.94331
2104.942788	.94297
2105.183877	.94009
2105.424965	.93939
2105.666054	.94028
2105.907142	.94133
2106.148230	.94128
2106.389319	.93937
2106.630407	.93774
2106.871496	.93266
2107.112584	.91433
2107.353672	.82427
2107.594761	.66042
2107.835849	.72744
2108.076937	.89226
2108.318026	.93288
2108.559114	.93672
2108.800203	.9373
2109.041291	.93728
2109.282379	.93786
2109.523468	.94036
2109.764556	.94269
2110.005645	.93974
2110.246733	.93742
2110.487821	.93524
2110.728910	.93454
2110.969998	.93627
2111.211087	.92266
2111.452175	.83805
2111.693263	.666
2111.934352	.70973
2112.175440	.88366
2112.416529	.93352
2112.657617	.93705
2112.898705	.9363
2113.139794	.93476
2113.380882	.93557
2113.621971	.93852
2113.863059	.93578
2114.104147	.9296
2114.345236	.93198
2114.586324	.93912
2114.827413	.94131
2115.068501	.94049
2115.309589	.92359
2115.550678	.82912
2115.791766	.65457
2116.032855	.71295
2116.273943	.88478
2116.515031	.92879
2116.756120	.93537
2116.997208	.94063
2117.238297	.94221
2117.479385	.93291
2117.720473	.92597
2117.961562	.93482
2118.202650	.94137
2118.443739	.94072
2118.684827	.93814
2118.925915	.9359
2119.167004	.93432
2119.408092	.91499
2119.649181	.79488
2119.890269	.64089
2120.131357	.75334
2120.372446	.90507
2120.613534	.93332
2120.854622	.93229
2121.095711	.92733
2121.336799	.93056
2121.577888	.93667
2121.818976	.93828
2122.060064	.9377
2122.301153	.93635
2122.542241	.93648
2122.783330	.93793
2123.024418	.94052
2123.265506	.9341
2123.506595	.89027
2123.747683	.73143
2123.988772	.64873
2124.229860	.81434
2124.470948	.90887
2124.712037	.92666
2124.953125	.93602
2125.194214	.93674
2125.435302	.93763
2125.676390	.93934
2125.917479	.93818
2126.158567	.93866
2126.399656	.94292
2126.640744	.94224
2126.881832	.93828
2127.122921	.93701
2127.364009	.92564
2127.605098	.83369
2127.846186	.66583
2128.087274	.72416
2128.328363	.89199
2128.569451	.93342
2128.810540	.93705
2129.051628	.94163
2129.292716	.94301
2129.533805	.93833
2129.774893	.93476
2130.015982	.93849
2130.257070	.94013
2130.498158	.9385
2130.739247	.93739
2130.980335	.93227
2131.221424	.91971
2131.462512	.88348
2131.703600	.74228
2131.944689	.69112
2132.185777	.84928
2132.426866	.92811
2132.667954	.93752
2132.909042	.93919
2133.150131	.93768
2133.391219	.93779
2133.632308	.93814
2133.873396	.93798
2134.114484	.93925
2134.355573	.93328
2134.596661	.92997
2134.837749	.93561
2135.078838	.93555
2135.319926	.91521
2135.561015	.80761
2135.802103	.71325
2136.043191	.82982
2136.284280	.92504
2136.525368	.93573
2136.766457	.93682
2137.007545	.93795
2137.248633	.93916
2137.489722	.93656
2137.730810	.93145
2137.971899	.93197
2138.212987	.93747
2138.454075	.94
2138.695164	.94264
2138.936252	.94387
2139.177341	.92818
2139.418429	.85758
2139.659517	.78298
2139.900606	.85273
2140.141694	.92312
2140.382783	.93585
2140.623871	.94212
2140.864959	.93967
2141.106048	.9359
2141.347136	.93991
2141.588225	.9411
2141.829313	.94024
2142.070401	.93872
2142.311490	.9357
2142.552578	.93701
2142.793667	.93869
2143.034755	.93888
2143.275843	.94059
2143.516932	.94052
2143.758020	.94167
2143.999109	.93836
2144.240197	.93194
2144.481285	.9341
2144.722374	.94249
2144.963462	.94362
2145.204551	.94054
2145.445639	.93903
2145.686727	.93998
2145.927816	.94043
2146.168904	.94115
2146.409993	.94094
2146.651081	.93954
2146.892169	.92005
2147.133258	.83357
2147.374346	.783
2147.615434	.87919
2147.856523	.93852
2148.097611	.9427
2148.338700	.93737
2148.579788	.9338
2148.820876	.93651
2149.061965	.94226
2149.303053	.94254
2149.544142	.93995
2149.785230	.94127
2150.026318	.94271
2150.267407	.94194
2150.508495	.9297
2150.749584	.87326
2150.990672	.73544
2151.231760	.74889
2151.472849	.89293
2151.713937	.93494
2151.955026	.93811
2152.196114	.938
2152.437202	.93559
2152.678291	.93435
2152.919379	.9337
2153.160468	.93595
2153.401556	.93539
2153.642644	.93299
2153.883733	.93405
2154.124821	.93359
2154.365910	.91066
2154.606998	.78592
2154.848086	.67009
2155.089175	.80088
2155.330263	.91806
2155.571352	.93327
2155.812440	.93608
2156.053528	.93806
2156.294617	.93592
2156.535705	.93357
2156.776794	.93402
2157.017882	.93595
2157.258970	.93489
2157.500059	.93548
2157.741147	.9383
2157.982236	.9258
2158.223324	.83492
2158.464412	.65917
2158.705501	.71028
2158.946589	.88392
2159.187678	.93102
2159.428766	.93445
2159.669854	.93462
2159.910943	.93708
2160.152031	.93735
2160.393119	.93671
2160.634208	.93856
2160.875296	.94083
2161.116385	.94021
2161.357473	.93913
2161.598561	.92633
2161.839650	.85533
2162.080738	.67421
2162.321827	.66308
2162.562915	.85263
2162.804003	.92349
2163.045092	.9323
2163.286180	.93862
2163.527269	.93789
2163.768357	.93466
2164.009445	.93503
2164.250534	.93731
2164.491622	.93978
2164.732711	.94171
2164.973799	.93907
2165.214887	.9266
2165.455976	.86362
2165.697064	.68222
2165.938153	.64711
2166.179241	.83799
2166.420329	.9239
2166.661418	.93515
2166.902506	.9365
2167.143595	.93743
2167.384683	.94114
2167.625771	.94415
2167.866860	.94116
2168.107948	.94023
2168.349037	.93702
2168.590125	.93306
2168.831213	.92674
2169.072302	.85695
2169.313390	.66675
2169.554479	.65215
2169.795567	.84476
2170.036655	.92549
2170.277744	.93605
2170.518832	.93919
2170.759921	.93999
2171.001009	.93662
2171.242097	.93601
2171.483186	.93648
2171.724274	.93471
2171.965363	.93412
2172.206451	.93528
2172.447539	.92
2172.688628	.82043
2172.929716	.63726
2173.170805	.69649
2173.411893	.8769
2173.652981	.92631
2173.894070	.93371
2174.135158	.93658
2174.376246	.93817
2174.617335	.93859
2174.858423	.93715
2175.099512	.9373
2175.340600	.93686
2175.581688	.93647
2175.822777	.93064
2176.063865	.89439
2176.304954	.74392
2176.546042	.62213
2176.787130	.7776
2177.028219	.90759
2177.269307	.92974
2177.510396	.93657
2177.751484	.93699
2177.992572	.93488
2178.233661	.93888
2178.474749	.94033
2178.715838	.9358
2178.956926	.93271
2179.198014	.93382
2179.439103	.92416
2179.680191	.84074
2179.921280	.66083
2180.162368	.69249
2180.403456	.87418
2180.644545	.93155
2180.885633	.93793
2181.126722	.93623
2181.367810	.9373
2181.608898	.93769
2181.849987	.93454
2182.091075	.93618
2182.332164	.94033
2182.573252	.94065
2182.814340	.93121
2183.055429	.88452
2183.296517	.72408
2183.537606	.66026
2183.778694	.83228
2184.019782	.92444
2184.260871	.93385
2184.501959	.93642
2184.743048	.93827
2184.984136	.93888
2185.225224	.93832
2185.466313	.93973
2185.707401	.94084
2185.948490	.93963
2186.189578	.93562
2186.430666	.90599
2186.671755	.76748
2186.912843	.66313
2187.153931	.8084
2187.395020	.92118
2187.636108	.93782
2187.877197	.93936
2188.118285	.93712
2188.359373	.93633
2188.600462	.93957
2188.841550	.94045
2189.082639	.93873
2189.323727	.93743
2189.564815	.93471
2189.805904	.90759
2190.046992	.78068
2190.288081	.68413
2190.529169	.8212
2190.770257	.92367
2191.011346	.93528
2191.252434	.93834
2191.493523	.94084
2191.734611	.94062
2191.975699	.93684
2192.216788	.93714
2192.457876	.93867
2192.698965	.93699
2192.940053	.93085
2193.181141	.89996
2193.422230	.77344
2193.663318	.71404
2193.904407	.85408
2194.145495	.92758
2194.386583	.93608
2194.627672	.93696
2194.868760	.93469
2195.109849	.93707
2195.350937	.93871
2195.592025	.93696
2195.833114	.93865
2196.074202	.94223
2196.315291	.93417
2196.556379	.88431
2196.797467	.75452
2197.038556	.76068
2197.279644	.89256
2197.520733	.93255
2197.761821	.93694
2198.002909	.94112
2198.243998	.94129
2198.485086	.93742
2198.726175	.93529
2198.967263	.93502
2199.208351	.93654
2199.449440	.93592
2199.690528	.92331
2199.931616	.84061
2200.172705	.74792
2200.413793	.83592
2200.654882	.92242
2200.895970	.93484
2201.137058	.9386
2201.378147	.93833
2201.619235	.93913
2201.860324	.94132
2202.101412	.94001
2202.342500	.93795
2202.583589	.9369
2202.824677	.93454
2203.065766	.89502
2203.306854	.79014
2203.547942	.80212
2203.789031	.90706
2204.030119	.93761
2204.271208	.9379
2204.512296	.93814
2204.753384	.94021
2204.994473	.93588
2205.235561	.93682
2205.476650	.94068
2205.717738	.93783
2205.958826	.93695
2206.199915	.91755
2206.441003	.8323
2206.682092	.80475
2206.923180	.89662
2207.164268	.93733
2207.405357	.93794
2207.646445	.93446
2207.887534	.93537
2208.128622	.94163
2208.369710	.94514
2208.610799	.93987
2208.851887	.93745
2209.092976	.93771
2209.334064	.92379
2209.575152	.85711
2209.816241	.82354
2210.057329	.8974
2210.298418	.93632
2210.539506	.9381
2210.780594	.93707
2211.021683	.9407
2211.262771	.94129
2211.503860	.94008
2211.744948	.94281
2211.986036	.94133
2212.227125	.93709
2212.468213	.92499
2212.709301	.86677
2212.950390	.84764
2213.191478	.91201
2213.432567	.9377
2213.673655	.93581
2213.914743	.93786
2214.155832	.9423
2214.396920	.94283
2214.638009	.9414
2214.879097	.94058
2215.120185	.9405
2215.361274	.93685
2215.602362	.91831
2215.843451	.8696
2216.084539	.87531
2216.325627	.92922
2216.566716	.94297
2216.807804	.9417
2217.048893	.93862
2217.289981	.93781
2217.531069	.9379
2217.772158	.93975
2218.013246	.94028
2218.254335	.93723
2218.495423	.93473
2218.736511	.91376
2218.977600	.88123
2219.218688	.90566
2219.459777	.9359
2219.700865	.93928
2219.941953	.93892
2220.183042	.93988
2220.424130	.93771
2220.665219	.93704
2220.906307	.94129
2221.147395	.94077
2221.388484	.93665
2221.629572	.92751
2221.870661	.90331
2222.111749	.90418
2222.352837	.93292
2222.593926	.94206
2222.835014	.94287
2223.076103	.94332
2223.317191	.94501
2223.558279	.94421
2223.799368	.93825
2224.040456	.93515
2224.281545	.93744
2224.522633	.93606
2224.763721	.92084
2225.004810	.90914
2225.245898	.92932
2225.486987	.94031
2225.728075	.93849
2225.969163	.93876
2226.210252	.93942
2226.451340	.93883
2226.692428	.93742
2226.933517	.93657
2227.174605	.93889
2227.415694	.93577
2227.656782	.92411
2227.897870	.91664
2228.138959	.93198
2228.380047	.94456
2228.621136	.94373
2228.862224	.94192
2229.103312	.94248
2229.344401	.9418
2229.585489	.93806
2229.826578	.93674
2230.067666	.94013
2230.308754	.94113
2230.549843	.93509
2230.790931	.9263
2231.032020	.9319
2231.273108	.94037
2231.514196	.94151
2231.755285	.93815
2231.996373	.93843
2232.237462	.9408
2232.478550	.94099
2232.719638	.94129
2232.960727	.93933
2233.201815	.93828
2233.442904	.93521
2233.683992	.93258
2233.925080	.94068
2234.166169	.94291
2234.407257	.94079
2234.648346	.93974
2234.889434	.93926
2235.130522	.9395
2235.371611	.93783
2235.612699	.93722
2235.853788	.93943
2236.094876	.93908
2236.335964	.93413
2236.577053	.93484
2236.818141	.93812
2237.059230	.93668
2237.300318	.93744
2237.541406	.9372
2237.782495	.93842
2238.023583	.9398
2238.264672	.93846
2238.505760	.93818
2238.746848	.93822
2238.987937	.93804
2239.229025	.9388
2239.470113	.94204
2239.711202	.94267
2239.952290	.94121
2240.193379	.9402
2240.434467	.94091
2240.675555	.94121
2240.916644	.9428
2241.157732	.94243
2241.398821	.94181
2241.639909	.94145
2241.880997	.93899
2242.122086	.94091
2242.363174	.94231
2242.604263	.94
2242.845351	.93802
2243.086439	.93854
2243.327528	.93913
2243.568616	.93963
2243.809705	.94023
2244.050793	.94249
2244.291881	.94211
2244.532970	.93581
2244.774058	.93594
2245.015147	.94106
2245.256235	.94148
2245.497323	.9408
2245.738412	.94069
2245.979500	.94127
2246.220589	.94155
2246.461677	.94058
2246.702765	.93792
2246.943854	.93756
2247.184942	.93811
2247.426031	.93918
2247.667119	.94291
2247.908207	.94359
2248.149296	.94265
2248.390384	.94245
2248.631473	.94028
2248.872561	.93825
2249.113649	.94281
2249.354738	.94695
2249.595826	.94282
2249.836915	.93827
2250.078003	.94145
2250.319091	.94376
2250.560180	.94229
2250.801268	.94073
2251.042357	.93766
2251.283445	.94207
2251.524533	.94594
2251.765622	.94354
2252.006710	.94418
2252.247798	.94409
2252.488887	.94138
2252.729975	.93719
2252.971064	.93514
2253.212152	.93765
2253.453240	.94044
2253.694329	.94141
2253.935417	.93956
2254.176506	.93841
2254.417594	.93975
2254.658682	.93977
2254.899771	.94128
2255.140859	.94068
2255.381948	.94003
2255.623036	.94415
2255.864124	.94469
2256.105213	.94106
2256.346301	.93911
2256.587390	.94136
2256.828478	.94308
2257.069566	.94163
2257.310655	.9411
2257.551743	.94465
2257.792832	.94849
2258.033920	.94447
2258.275008	.93912
2258.516097	.93662
2258.757185	.93806
2258.998274	.9398
2259.239362	.93999
2259.480450	.94702
2259.721539	.94793
2259.962627	.93738
2260.203716	.93537
2260.444804	.94086
2260.685892	.94549
2260.926981	.94277
2261.168069	.94443
2261.409158	.9522
2261.650246	.94948
2261.891334	.94109
2262.132423	.93931
2262.373511	.93751
2262.614600	.93691
2262.855688	.94106
2263.096776	.94551
2263.337865	.94456
2263.578953	.94418
2263.820042	.94371
2264.061130	.93979
2264.302218	.93619
2264.543307	.93829
2264.784395	.94595
2265.025484	.94986
2265.266572	.94808
2265.507660	.94343
2265.748749	.93954
2265.989837	.9395
2266.230925	.94229
2266.472014	.94438
2266.713102	.94665
2266.954191	.9513
2267.195279	.94887
2267.436367	.9443
2267.677456	.94353
2267.918544	.94111
2268.159633	.94032
2268.400721	.94314
2268.641809	.95025
2268.882898	.95046
2269.123986	.94143
2269.365075	.93913
2269.606163	.94101
2269.847251	.9417
2270.088340	.94259
2270.329428	.94527
2270.570517	.94953
2270.811605	.948
2271.052693	.94378
2271.293782	.94124
2271.534870	.94128
2271.775959	.94365
2272.017047	.94706
2272.258135	.94911
2272.499224	.94689
2272.740312	.94434
2272.981401	.93929
2273.222489	.93635
2273.463577	.93984
2273.704666	.94641
2273.945754	.95024
2274.186843	.94669
2274.427931	.94231
2274.669019	.94167
2274.910108	.94227
2275.151196	.94028
2275.392285	.94268
2275.633373	.94919
2275.874461	.94623
2276.115550	.94122
2276.356638	.94281
2276.597727	.94416
2276.838815	.94265
2277.079903	.94203
2277.320992	.9462
2277.562080	.94875
2277.803169	.94469
2278.044257	.93968
2278.285345	.94047
2278.526434	.94218
2278.767522	.94226
2279.008610	.9435
2279.249699	.94389
2279.490787	.94199
2279.731876	.94185
2279.972964	.94336
2280.214052	.94317
2280.455141	.94513
2280.696229	.94612
2280.937318	.9425
2281.178406	.93877
2281.419494	.94056
2281.660583	.94273
2281.901671	.94277
2282.142760	.94315
2282.383848	.94394
2282.624936	.93986
2282.866025	.93647
2283.107113	.93884
2283.348202	.94189
2283.589290	.94209
2283.830378	.93667
2284.071467	.93361
2284.312555	.93743
2284.553644	.94216
2284.794732	.94577
2285.035820	.94569
2285.276909	.94556
2285.517997	.94559
2285.759086	.94651
2286.000174	.94816
2286.241262	.94377
2286.482351	.94336
2286.723439	.9435
2286.964528	.94144
2287.205616	.94479
2287.446704	.94774
2287.687793	.94859
2287.928881	.94436
2288.169970	.93981
2288.411058	.93841
2288.652146	.94414
2288.893235	.95178
2289.134323	.94912
2289.375412	.9437
2289.616500	.94078
2289.857588	.94224
2290.098677	.94605
2290.339765	.94963
2290.580854	.95107
2290.821942	.94929
2291.063030	.94595
2291.304119	.94593
2291.545207	.95022
2291.786295	.95507
2292.027384	.95155
2292.268472	.94577
2292.509561	.94456
2292.750649	.94178
2292.991737	.94506
2293.232826	.95507
2293.473914	.9578
2293.715003	.95302
2293.956091	.9502
2294.197179	.95081
2294.438268	.95344
2294.679356	.95967
2294.920445	.95402
2295.161533	.94475
2295.402621	.94201
2295.643710	.94385
2295.884798	.95293
2296.125887	.96666
2296.366975	.96406
2296.608063	.95335
2296.849152	.94526
2297.090240	.94146
2297.331329	.94906
2297.572417	.95213
2297.813505	.9511
2298.054594	.95157
2298.295682	.96023
2298.536771	.97525
2298.777859	.96709
2299.018947	.94872
2299.260036	.945
2299.501124	.94905
2299.742213	.95646
2299.983301	.96034
2300.224389	.9558
2300.465478	.96255
2300.706566	.97856
2300.947655	.96991
2301.188743	.95789
2301.429831	.95619
2301.670920	.95311
2301.912008	.95153
2302.153097	.95103
2302.394185	.95915
2302.635273	.98051
2302.876362	.99538
2303.117450	.9733
2303.358539	.95493
2303.599627	.95262
2303.840715	.9597
2304.081804	.96026
2304.322892	.95247
2304.563980	.95723
2304.805069	.98663
2305.046157	1.0084
2305.287246	.97316
2305.528334	.9537
2305.769422	.95877
2306.010511	.96236
2306.251599	.95447
2306.492688	.95406
2306.733776	.97348
2306.974864	1.0091
2307.215953	1.0196
2307.457041	.98192
2307.698130	.96516
2307.939218	.9635
2308.180306	.95803
2308.421395	.95728
2308.662483	.96678
2308.903572	.98723
2309.144660	1.0239
2309.385748	1.0266
2309.626837	.99203
2309.867925	.97902
2310.109014	.96223
2310.350102	.95559
2310.591190	.97076
2310.832279	.98679
2311.073367	1.0017
2311.314456	1.0405
2311.555544	1.0257
2311.796632	.98573
2312.037721	.96491
2312.278809	.96527
2312.519898	.97802
2312.760986	.98576
2313.002074	.98951
2313.243163	1.0317
2313.484251	1.0785
2313.725340	1.0174
2313.966428	.9757
2314.207516	.96605
2314.448605	.97595
2314.689693	.98082
2314.930782	.9789
2315.171870	1.0142
2315.412958	1.0935
2315.654047	1.0436
2315.895135	.986
2316.136224	.98069
2316.377312	.99635
2316.618400	.98697
2316.859489	.98274
2317.100577	1.0133
2317.341666	1.0783
2317.582754	1.064
2317.823842	1.013
2318.064931	1.0017
2318.306019	.99468
2318.547107	.97845
2318.788196	.97798
2319.029284	1.0143
2319.270373	1.1065
2319.511461	1.1165
2319.752549	1.0459
2319.993638	1.0209
2320.234726	.99424
2320.475815	.97878
2320.716903	.99336
2320.957991	1.0442
2321.199080	1.1182
2321.440168	1.14
2321.681257	1.0836
2321.922345	1.0277
2322.163433	.99131
2322.404522	.98673
2322.645610	1.0121
2322.886699	1.0597
2323.127787	1.1215
2323.368875	1.1829
2323.609964	1.0866
2323.851052	1.0186
2324.092141	.99286
2324.333229	1.0032
2324.574317	1.0343
2324.815406	1.0589
2325.056494	1.1241
2325.297583	1.1839
2325.538671	1.0709
2325.779759	1.0211
2326.020848	1.0102
2326.261936	1.0275
2326.503025	1.035
2326.744113	1.0629
2326.985201	1.142
2327.226290	1.1314
2327.467378	1.0619
2327.708467	1.0308
2327.949555	1.0226
2328.190643	1.0158
2328.431732	1.0326
2328.672820	1.0896
2328.913909	1.1902
2329.154997	1.1299
2329.396085	1.0816
2329.637174	1.0513
2329.878262	1.024
2330.119351	1.0236
2330.360439	1.0719
2330.601527	1.1667
2330.842616	1.2279
2331.083704	1.1434
2331.324792	1.0704
2331.565881	1.0249
2331.806969	1.0213
2332.048058	1.0595
2332.289146	1.1252
2332.530234	1.2063
2332.771323	1.1679
2333.012411	1.0847
2333.253500	1.0348
2333.494588	1.0215
2333.735676	1.041
2333.976765	1.081
2334.217853	1.1618
2334.458942	1.2344
2334.700030	1.1179
2334.941118	1.0471
2335.182207	1.0184
2335.423295	1.0223
2335.664384	1.0531
2335.905472	1.1169
2336.146560	1.2238
2336.387649	1.1656
2336.628737	1.0934
2336.869826	1.0479
2337.110914	1.0281
2337.352002	1.0521
2337.593091	1.1262
2337.834179	1.2699
2338.075268	1.1864
2338.316356	1.0878
2338.557444	1.0407
2338.798533	1.0288
2339.039621	1.0485
2339.280710	1.1219
2339.521798	1.2608
2339.762886	1.2134
2340.003975	1.0988
2340.245063	1.0462
2340.486152	1.0372
2340.727240	1.0621
2340.968328	1.1012
2341.209417	1.1398
2341.450505	1.1522
2341.691594	1.0948
2341.932682	1.0586
2342.173770	1.0483
2342.414859	1.0589
2342.655947	1.1141
2342.897036	1.2325
2343.138124	1.153
2343.379212	1.0832
2343.620301	1.056
2343.861389	1.0415
2344.102477	1.0522
2344.343566	1.1151
2344.584654	1.2643
2344.825743	1.1644
2345.066831	1.0713
2345.307919	1.0265
2345.549008	1.0325
2345.790096	1.0762
2346.031185	1.144
2346.272273	1.2023
2346.513361	1.0919
2346.754450	1.031
2346.995538	1.0144
2347.236627	1.0232
2347.477715	1.0407
2347.718803	1.0924
2347.959892	1.0878
2348.200980	1.0252
2348.442069	1.0113
2348.683157	.99861
2348.924245	.98712
2349.165334	1.0039
2349.406422	1.004
2349.647511	1.0031
2349.888599	1.0436
2350.129687	1.0873
2350.370776	1.0572
2350.611864	1.0245
2350.852953	1.0025
2351.094041	1.0144
2351.335129	1.0608
2351.576218	1.1182
2351.817306	1.1295
2352.058395	1.0498
2352.299483	1.0261
2352.540571	1.0413
2352.781660	1.0625
2353.022748	1.1197
2353.263837	1.1915
2353.504925	1.1126
2353.746013	1.0738
2353.987102	1.0495
2354.228190	1.071
2354.469279	1.1625
2354.710367	1.2882
2354.951455	1.1498
2355.192544	1.0735
2355.433632	1.062
2355.674721	1.1077
2355.915809	1.1809
2356.156897	1.2388
2356.397986	1.1592
2356.639074	1.1047
2356.880163	1.091
2357.121251	1.1144
2357.362339	1.1925
2357.603428	1.3277
2357.844516	1.1869
2358.085604	1.1158
2358.326693	1.0935
2358.567781	1.1328
2358.808870	1.243
2359.049958	1.2744
2359.291046	1.1479
2359.532135	1.0987
2359.773223	1.102
2360.014312	1.1543
2360.255400	1.2388
2360.496488	1.2136
2360.737577	1.1349
2360.978665	1.0902
2361.219754	1.0955
2361.460842	1.1566
2361.701930	1.2576
2361.943019	1.1866
2362.184107	1.1173
2362.425196	1.1001
2362.666284	1.1342
2362.907372	1.1981
2363.148461	1.2228
2363.389549	1.1477
2363.630638	1.1008
2363.871726	1.105
2364.112814	1.1684
2364.353903	1.2652
2364.594991	1.1677
2364.836080	1.0983
2365.077168	1.0858
2365.318256	1.1342
2365.559345	1.2223
2365.800433	1.1611
2366.041522	1.0931
2366.282610	1.0706
2366.523698	1.0962
2366.764787	1.1703
2367.005875	1.1681
2367.246964	1.0902
2367.488052	1.0618
2367.729140	1.0863
2367.970229	1.1645
2368.211317	1.1786
2368.452406	1.0951
2368.693494	1.0597
2368.934582	1.0709
2369.175671	1.1342
2369.416759	1.1411
2369.657848	1.0682
2369.898936	1.0382
2370.140024	1.0478
2370.381113	1.104
2370.622201	1.1141
2370.863289	1.0506
2371.104378	1.0272
2371.345466	1.0519
2371.586555	1.1218
2371.827643	1.0886
2372.068731	1.0303
2372.309820	1.0201
2372.550908	1.0547
2372.791997	1.1223
2373.033085	1.0647
2373.274173	1.0159
2373.515262	1.0132
2373.756350	1.0507
2373.997439	1.0577
2374.238527	1.0087
2374.479615	.99729
2374.720704	1.0225
2374.961792	1.0702
2375.202881	1.0281
2375.443969	.98975
2375.685057	.99484
2375.926146	1.0438
2376.167234	1.046
2376.408323	.99246
2376.649411	.97769
2376.890499	1.0094
2377.131588	1.0423
2377.372676	.99091
2377.613765	.9692
2377.854853	.98953
2378.095941	1.0217
2378.337030	.98892
2378.578118	.96687
2378.819207	.98064
2379.060295	1.0068
2379.301383	.97952
2379.542472	.95989
2379.783560	.9738
2380.024649	.99461
2380.265737	.9735
2380.506825	.9563
2380.747914	.96657
2380.989002	.97966
2381.230091	.96134
2381.471179	.95255
2381.712267	.96361
2381.953356	.96669
2382.194444	.95057
2382.435533	.94879
2382.676621	.95823
2382.917709	.95421
2383.158798	.94577
2383.399886	.94904
2383.640974	.95764
2383.882063	.95083
2384.123151	.94548
2384.364240	.95117
2384.605328	.95061
2384.846416	.94696
2385.087505	.94749
2385.328593	.94526
2385.569682	.94166
2385.810770	.94319
2386.051858	.94592
2386.292947	.94627
2386.534035	.94399
2386.775124	.94142
2387.016212	.94313
2387.257300	.94453
2387.498389	.94358
2387.739477	.93944
2387.980566	.93864
2388.221654	.94226
2388.462742	.94285
2388.703831	.94359
2388.944919	.94289
2389.186008	.93843
2389.427096	.93708
2389.668184	.94075
2389.909273	.94113
2390.150361	.93629
2390.391450	.93593
2390.632538	.94008
2390.873626	.93919
2391.114715	.93691
2391.355803	.93555
2391.596892	.9364
2391.837980	.93646
2392.079068	.9388
2392.320157	.94036
2392.561245	.94
2392.802334	.93996
2393.043422	.93752
2393.284510	.93763
2393.525599	.93979
2393.766687	.93881
2394.007776	.94136
2394.248864	.94434
2394.489952	.94164
2394.731041	.93884
2394.972129	.93772
2395.213218	.93679
2395.454306	.93622
2395.695394	.9369
2395.936483	.93947
2396.177571	.93973
2396.418660	.93956
2396.659748	.93996
2396.900836	.93925
2397.141925	.94225
2397.383013	.94206
2397.624101	.93863
2397.865190	.93619
2398.106278	.93738
2398.347367	.93873
2398.588455	.93958
2398.829543	.93833
2399.070632	.93647
2399.311720	.93753
2399.552809	.9381
2399.793897	.93775
2400.034985	.9385
2400.276074	.93888
2400.517162	.93697
2400.758251	.93627
2400.999339	.93955
2401.240427	.94075
2401.481516	.93945
2401.722604	.93566
2401.963693	.93425
2402.204781	.93598
2402.445869	.93939
2402.686958	.94297
2402.928046	.94156
2403.169135	.93616
2403.410223	.93304
2403.651311	.93329
2403.892400	.93857
2404.133488	.94182
2404.374577	.93868
2404.615665	.93796
2404.856753	.93571
2405.097842	.93486
2405.338930	.9396
2405.580019	.94179
2405.821107	.94233
2406.062195	.9456
2406.303284	.94691
2406.544372	.9411
2406.785461	.93682
2407.026549	.93817
2407.267637	.93829
2407.508726	.93732
2407.749814	.93714
2407.990903	.93796
2408.231991	.93875
2408.473079	.93688
2408.714168	.93797
2408.955256	.93896
2409.196345	.93686
2409.437433	.93697
2409.678521	.94131
2409.919610	.94054
2410.160698	.93872
2410.401786	.94356
2410.642875	.94643
2410.883963	.94185
2411.125052	.93719
2411.366140	.93749
2411.607228	.93824
2411.848317	.93761
2412.089405	.93908
2412.330494	.94054
2412.571582	.93931
2412.812670	.93681
2413.053759	.93878
2413.294847	.94103
2413.535936	.94181
2413.777024	.94231
2414.018112	.94299
2414.259201	.94285
2414.500289	.94217
2414.741378	.94144
2414.982466	.94042
2415.223554	.93966
2415.464643	.94032
2415.705731	.94075
2415.946820	.94092
2416.187908	.9404
2416.428996	.93768
2416.670085	.93656
2416.911173	.93761
2417.152262	.93931
2417.393350	.93828
2417.634438	.94039
2417.875527	.94006
2418.116615	.93739
2418.357704	.93611
2418.598792	.93799
2418.839880	.93817
2419.080969	.93736
2419.322057	.93831
2419.563146	.93863
2419.804234	.93911
2420.045322	.93742
2420.286411	.93532
2420.527499	.93695
2420.768588	.93925
2421.009676	.93927
2421.250764	.93934
2421.491853	.93911
2421.732941	.93933
2421.974030	.93839
2422.215118	.93617
2422.456206	.93664
2422.697295	.93431
2422.938383	.93622
2423.179471	.94116
2423.420560	.93927
2423.661648	.93736
2423.902737	.93947
2424.143825	.93983
2424.384913	.93637
2424.626002	.93585
2424.867090	.93892
2425.108179	.94027
2425.349267	.94174
2425.590355	.94168
2425.831444	.9407
2426.072532	.93886
2426.313621	.93835
2426.554709	.93927
2426.795797	.93735
2427.036886	.93568
2427.277974	.93797
2427.519063	.93992
2427.760151	.94126
2428.001239	.94078
2428.242328	.94108
2428.483416	.94329
2428.724505	.94414
2428.965593	.94244
2429.206681	.94064
2429.447770	.93928
2429.688858	.93665
2429.929947	.93496
2430.171035	.9376
2430.412123	.93919
2430.653212	.93975
2430.894300	.93993
2431.135389	.938
2431.376477	.93647
2431.617565	.93734
2431.858654	.93844
2432.099742	.93981
2432.340831	.93605
2432.581919	.93614
2432.823007	.93987
2433.064096	.93953
2433.305184	.93877
2433.546273	.9386
2433.787361	.93877
2434.028449	.94267
2434.269538	.94231
2434.510626	.9385
2434.751715	.93867
2434.992803	.94073
2435.233891	.93616
2435.474980	.9341
2435.716068	.93724
2435.957156	.93923
2436.198245	.94021
2436.439333	.94009
2436.680422	.93922
2436.921510	.9358
2437.162598	.93487
2437.403687	.93743
2437.644775	.93776
2437.885864	.93813
2438.126952	.93912
2438.368040	.94189
2438.609129	.94044
2438.850217	.93853
2439.091306	.93916
2439.332394	.94185
2439.573482	.93998
2439.814571	.93905
2440.055659	.93939
2440.296748	.93981
2440.537836	.93759
2440.778924	.93572
2441.020013	.9379
2441.261101	.94067
2441.502190	.9397
2441.743278	.94056
2441.984366	.94008
2442.225455	.9373
2442.466543	.93932
2442.707632	.94136
2442.948720	.94052
2443.189808	.93809
2443.430897	.93443
2443.671985	.93377
2443.913074	.93563
2444.154162	.93638
2444.395250	.93688
2444.636339	.94044
2444.877427	.94178
2445.118516	.94019
2445.359604	.94062
2445.600692	.94091
2445.841781	.93768
2446.082869	.93676
2446.323958	.93859
2446.565046	.94055
2446.806134	.9433
2447.047223	.94109
2447.288311	.93772
2447.529400	.93836
2447.770488	.93921
2448.011576	.93826
2448.252665	.93903
2448.493753	.9404
2448.734842	.94164
2448.975930	.94196
2449.217018	.93663
2449.458107	.93402
2449.699195	.93608
2449.940283	.93878
2450.181372	.94324
2450.422460	.94021
2450.663549	.93295
2450.904637	.93335
2451.145725	.93467
2451.386814	.93533
2451.627902	.9374
2451.868991	.93848
2452.110079	.93704
2452.351167	.93605
2452.592256	.93531
2452.833344	.93772
2453.074433	.94059
2453.315521	.93739
2453.556609	.9392
2453.797698	.94242
2454.038786	.94007
2454.279875	.9386
2454.520963	.94038
2454.762051	.94391
2455.003140	.94561
2455.244228	.94299
2455.485317	.93946
2455.726405	.93804
2455.967493	.93919
2456.208582	.93959
2456.449670	.93759
2456.690759	.93541
2456.931847	.93507
2457.172935	.93769
2457.414024	.93576
2457.655112	.93301
2457.896201	.93598
2458.137289	.93907
2458.378377	.93853
2458.619466	.93854
2458.860554	.93798
2459.101643	.93555
2459.342731	.93652
2459.583819	.93982
2459.824908	.94023
2460.065996	.93811
2460.307085	.93727
2460.548173	.94107
2460.789261	.94353
2461.030350	.94185
2461.271438	.94062
2461.512527	.9383
2461.753615	.9357
2461.994703	.93398
2462.235792	.93708
2462.476880	.93781
2462.717968	.93534
2462.959057	.93639
2463.200145	.93807
2463.441234	.9395
2463.682322	.94056
2463.923410	.93893
2464.164499	.9386
2464.405587	.93985
2464.646676	.94017
2464.887764	.93996
2465.128852	.93993
2465.369941	.93953
2465.611029	.93904
2465.852118	.94169
2466.093206	.94026
2466.334294	.93952
2466.575383	.93703
2466.816471	.93153
2467.057560	.93305
2467.298648	.93487
2467.539736	.93569
2467.780825	.9366
2468.021913	.93734
2468.263002	.93652
2468.504090	.93635
2468.745178	.93889
2468.986267	.93976
2469.227355	.93957
2469.468444	.93963
2469.709532	.94335
2469.950620	.94352
2470.191709	.93905
2470.432797	.9385
2470.673886	.93942
2470.914974	.93877
2471.156062	.93758
2471.397151	.9361
2471.638239	.93398
2471.879328	.9366
2472.120416	.93957
2472.361504	.93756
2472.602593	.93684
2472.843681	.93886
2473.084770	.93737
2473.325858	.93604
2473.566946	.93434
2473.808035	.93514
2474.049123	.93804
2474.290212	.94251
2474.531300	.94155
2474.772388	.93925
2475.013477	.93987
2475.254565	.94047
2475.495653	.94132
2475.736742	.93959
2475.977830	.93655
2476.218919	.93638
2476.460007	.93832
2476.701095	.94113
2476.942184	.94091
2477.183272	.93809
2477.424361	.93718
2477.665449	.93808
2477.906537	.94018
2478.147626	.94067
2478.388714	.93788
2478.629803	.93517
2478.870891	.93404
2479.111979	.93504
2479.353068	.93782
2479.594156	.93829
2479.835245	.93966
2480.076333	.94254
2480.317421	.94225
2480.558510	.94192
2480.799598	.94165
2481.040687	.93849
2481.281775	.93834
2481.522863	.94
2481.763952	.93879
2482.005040	.93791
2482.246129	.9406
2482.487217	.94112
2482.728305	.94021
2482.969394	.93531
2483.210482	.93296
2483.451571	.93565
2483.692659	.93994
2483.933747	.94129
2484.174836	.93857
2484.415924	.9404
2484.657013	.94269
2484.898101	.9391
2485.139189	.93517
2485.380278	.93484
2485.621366	.93782
2485.862455	.94064
2486.103543	.94102
2486.344631	.93731
2486.585720	.93635
2486.826808	.93601
2487.067897	.93643
2487.308985	.93952
2487.550073	.94167
2487.791162	.9389
2488.032250	.93344
2488.273339	.93311
2488.514427	.93691
2488.755515	.93817
2488.996604	.93671
2489.237692	.9379
2489.478780	.9394
2489.719869	.93662
2489.960957	.93703
2490.202046	.93988
2490.443134	.94137
2490.684222	.93854
2490.925311	.93786
2491.166399	.93947
2491.407488	.94094
2491.648576	.94277
2491.889664	.94284
2492.130753	.94056
2492.371841	.93761
2492.612930	.93587
2492.854018	.93764
2493.095106	.9392
2493.336195	.93707
2493.577283	.93443
2493.818372	.934
2494.059460	.93598
2494.300548	.94019
2494.541637	.94036
2494.782725	.93857
2495.023814	.93982
2495.264902	.94043
2495.505990	.93871
2495.747079	.9393
2495.988167	.94065
2496.229256	.94153
2496.470344	.94042
2496.711432	.93878
2496.952521	.9386
2497.193609	.93708
2497.434698	.93521
2497.675786	.93607
2497.916874	.93828
2498.157963	.93857
2498.399051	.94005
2498.640140	.94288
2498.881228	.94391
2499.122316	.94238
2499.363405	.93839
2499.604493	.93631
2499.845582	.9376
2500.086670	.93901
2500.327758	.93565
2500.568847	.93443
2500.809935	.93851
2501.051024	.93892
2501.292112	.93567
2501.533200	.93755
2501.774289	.94202
2502.015377	.94046
2502.256465	.93718
2502.497554	.93712
2502.738642	.93825
2502.979731	.93707
2503.220819	.9408
2503.461907	.94174
2503.702996	.93863
2503.944084	.93803
2504.185173	.93757
2504.426261	.93804
2504.667349	.94251
2504.908438	.94318
2505.149526	.94003
2505.390615	.93956
2505.631703	.93796
2505.872791	.93794
2506.113880	.94007
2506.354968	.93726
2506.596057	.93485
2506.837145	.935
2507.078233	.9344
2507.319322	.93724
2507.560410	.93937
2507.801499	.93772
2508.042587	.93794
2508.283675	.9394
2508.524764	.9417
2508.765852	.94558
2509.006941	.94022
2509.248029	.93284
2509.489117	.93238
2509.730206	.9351
2509.971294	.9357
2510.212383	.93622
2510.453471	.93462
2510.694559	.93529
2510.935648	.93814
2511.176736	.93967
2511.417825	.94095
2511.658913	.94091
2511.900001	.9416
2512.141090	.93885
2512.382178	.93661
2512.623267	.93564
2512.864355	.93665
2513.105443	.93651
2513.346532	.93598
2513.587620	.93555
2513.828709	.93782
2514.069797	.94191
2514.310885	.94208
2514.551974	.93808
2514.793062	.9362
2515.034150	.93658
2515.275239	.93424
2515.516327	.93564
2515.757416	.93845
2515.998504	.93882
2516.239592	.93804
2516.480681	.93898
2516.721769	.93768
2516.962858	.9334
2517.203946	.93501
2517.445034	.93912
2517.686123	.94039
2517.927211	.94373
2518.168300	.94228
2518.409388	.9394
2518.650476	.93835
2518.891565	.93731
2519.132653	.93443
2519.373742	.93361
2519.614830	.93604
2519.855918	.93697
2520.097007	.93538
2520.338095	.9387
2520.579184	.94294
2520.820272	.94268
2521.061360	.93682
2521.302449	.93661
2521.543537	.93974
2521.784626	.93986
2522.025714	.935
2522.266802	.93472
2522.507891	.93576
2522.748979	.93395
2522.990068	.93647
2523.231156	.94271
2523.472244	.94318
2523.713333	.94014
2523.954421	.93443
2524.195510	.93335
2524.436598	.93429
2524.677686	.93273
2524.918775	.93502
2525.159863	.93792
2525.400952	.93928
2525.642040	.93933
2525.883128	.93855
2526.124217	.93852
2526.365305	.9377
2526.606394	.93486
2526.847482	.93422
2527.088570	.93909
2527.329659	.94001
2527.570747	.93921
2527.811835	.93795
2528.052924	.93824
2528.294012	.93593
2528.535101	.93279
2528.776189	.93594
2529.017277	.9412
2529.258366	.94285
2529.499454	.94108
2529.740543	.93737
2529.981631	.93487
2530.222719	.93511
2530.463808	.93919
2530.704896	.94277
2530.945985	.93975
2531.187073	.93574
2531.428161	.93565
2531.669250	.93661
2531.910338	.9374
2532.151427	.938
2532.392515	.93944
2532.633603	.93616
2532.874692	.93379
2533.115780	.93635
2533.356869	.93873
2533.597957	.93512
2533.839045	.9352
2534.080134	.93849
2534.321222	.93796
2534.562311	.93773
2534.803399	.94115
2535.044487	.94053
2535.285576	.93642
2535.526664	.9359
2535.767753	.93602
2536.008841	.93729
2536.249929	.93954
2536.491018	.94066
2536.732106	.93909
2536.973195	.93803
2537.214283	.93679
2537.455371	.93594
2537.696460	.93871
2537.937548	.94035
2538.178637	.93811
2538.419725	.939
2538.660813	.94156
2538.901902	.94123
2539.142990	.9395
2539.384079	.93546
2539.625167	.93391
2539.866255	.93722
2540.107344	.94103
2540.348432	.94119
2540.589521	.94082
2540.830609	.94021
2541.071697	.94055
2541.312786	.94153
2541.553874	.94143
2541.794962	.94062
2542.036051	.93774
2542.277139	.93459
2542.518228	.93712
2542.759316	.93821
2543.000404	.93619
2543.241493	.93694
2543.482581	.93962
2543.723670	.93876
2543.964758	.9395
2544.205846	.94127
2544.446935	.93922
2544.688023	.939
2544.929112	.93909
2545.170200	.93724
2545.411288	.93612
2545.652377	.9354
2545.893465	.9367
2546.134554	.93628
2546.375642	.93457
2546.616730	.93859
2546.857819	.94411
2547.098907	.94244
2547.339996	.94149
2547.581084	.93996
2547.822172	.93937
2548.063261	.93818
2548.304349	.93524
2548.545438	.93307
2548.786526	.93502
2549.027614	.93923
2549.268703	.94103
2549.509791	.93889
2549.750880	.93461
2549.991968	.93284
2550.233056	.93297
2550.474145	.93606
2550.715233	.93826
2550.956322	.9397
2551.197410	.94064
2551.438498	.94032
2551.679587	.93965
2551.920675	.94016
2552.161764	.94013
2552.402852	.94089
2552.643940	.94091
2552.885029	.93814
2553.126117	.94026
2553.367206	.94374
2553.608294	.941
2553.849382	.93653
2554.090471	.93677
2554.331559	.93689
2554.572647	.93775
2554.813736	.9399
2555.054824	.94035
2555.295913	.93847
2555.537001	.9387
2555.778089	.94257
2556.019178	.94198
2556.260266	.93794
2556.501355	.93676
2556.742443	.93582
2556.983531	.93708
2557.224620	.93731
2557.465708	.93586
2557.706797	.94096
2557.947885	.94215
2558.188973	.93702
2558.430062	.93817
2558.671150	.94035
2558.912239	.93984
2559.153327	.93918
2559.394415	.94025
2559.635504	.93651
2559.876592	.93441
2560.117681	.93989
2560.358769	.93995
2560.599857	.93992
2560.840946	.93876
2561.082034	.93399
2561.323123	.93309
2561.564211	.93323
2561.805299	.93415
2562.046388	.93468
2562.287476	.93542
2562.528565	.93522
2562.769653	.93707
2563.010741	.93831
2563.251830	.9353
2563.492918	.93747
2563.734007	.94105
2563.975095	.93887
2564.216183	.93723
2564.457272	.93781
2564.698360	.93723
2564.939449	.9365
2565.180537	.93677
2565.421625	.93864
2565.662714	.93817
2565.903802	.93711
2566.144891	.93997
2566.385979	.94022
2566.627067	.94031
2566.868156	.93937
2567.109244	.94013
2567.350332	.9391
2567.591421	.93776
2567.832509	.93871
2568.073598	.93911
2568.314686	.9418
2568.555774	.9409
2568.796863	.94008
2569.037951	.93989
2569.279040	.93919
2569.520128	.93961
2569.761216	.93798
2570.002305	.93909
2570.243393	.94141
2570.484482	.94049
2570.725570	.93861
2570.966658	.93764
2571.207747	.93996
2571.448835	.9403
2571.689924	.93743
2571.931012	.9407
2572.172100	.93999
2572.413189	.93782
2572.654277	.93907
2572.895366	.93995
2573.136454	.93901
2573.377542	.93757
2573.618631	.93683
2573.859719	.9391
2574.100808	.94001
2574.341896	.93957
2574.582984	.93924
2574.824073	.93691
2575.065161	.93711
2575.306250	.94086
2575.547338	.94138
2575.788426	.94131
2576.029515	.94193
2576.270603	.94129
2576.511692	.93793
2576.752780	.93472
2576.993868	.93421
2577.234957	.93254
2577.476045	.93439
2577.717134	.93892
2577.958222	.93993
2578.199310	.94013
2578.440399	.93795
2578.681487	.93704
2578.922576	.94003
2579.163664	.93905
2579.404752	.93414
2579.645841	.93718
2579.886929	.93847
2580.128018	.93695
2580.369106	.93768
2580.610194	.93965
2580.851283	.93994
2581.092371	.93862
2581.333459	.93739
2581.574548	.93653
2581.815636	.94108
2582.056725	.94149
2582.297813	.94082
2582.538901	.94152
2582.779990	.94107
2583.021078	.94199
2583.262167	.93924
2583.503255	.93471
2583.744343	.93536
2583.985432	.93469
2584.226520	.93297
2584.467609	.93615
2584.708697	.93892
2584.949785	.93882
2585.190874	.94025
2585.431962	.93827
2585.673051	.93982
2585.914139	.94121
2586.155227	.93905
2586.396316	.93653
2586.637404	.93397
2586.878493	.93456
2587.119581	.93492
2587.360669	.93323
2587.601758	.93533
2587.842846	.93808
2588.083935	.93824
2588.325023	.9397
2588.566111	.94106
2588.807200	.93963
2589.048288	.93783
2589.289377	.93474
2589.530465	.93754
2589.771553	.93979
2590.012642	.94137
2590.253730	.94197
2590.494819	.94056
2590.735907	.93938
2590.976995	.9374
2591.218084	.93628
2591.459172	.93739
2591.700261	.93773
2591.941349	.93658
2592.182437	.93932
2592.423526	.93918
2592.664614	.93759
2592.905703	.93972
2593.146791	.937
2593.387879	.93305
2593.628968	.93202
2593.870056	.93714
2594.111144	.94092
2594.352233	.9393
2594.593321	.93691
2594.834410	.9381
2595.075498	.94055
2595.316586	.94257
2595.557675	.94089
2595.798763	.94017
2596.039852	.93935
2596.280940	.93798
2596.522028	.93644
2596.763117	.93704
2597.004205	.9402
2597.245294	.94093
2597.486382	.93865
2597.727470	.94179
2597.968559	.94265
2598.209647	.94066
2598.450736	.93733
2598.691824	.93587
2598.932912	.93879
2599.174001	.93989
2599.415089	.93886
2599.656178	.93819
2599.897266	.9384
2600.138354	.94002
2600.379443	.94216
2600.620531	.94164
2600.861620	.93952
2601.102708	.93732
2601.343796	.93489
2601.584885	.9356
2601.825973	.93971
2602.067062	.94428
2602.308150	.94135
2602.549238	.93661
2602.790327	.93502
2603.031415	.93806
2603.272504	.93786
2603.513592	.9373
2603.754680	.93814
2603.995769	.9351
2604.236857	.93343
2604.477946	.93553
2604.719034	.93854
2604.960122	.9418
2605.201211	.94355
2605.442299	.9393
2605.683388	.93853
2605.924476	.93892
2606.165564	.93769
2606.406653	.93732
2606.647741	.93807
2606.888829	.94124
2607.129918	.93556
2607.371006	.9343
2607.612095	.94143
2607.853183	.94596
2608.094271	.94114
2608.335360	.93553
2608.576448	.9341
2608.817537	.93538
2609.058625	.9388
2609.299713	.94176
2609.540802	.93963
2609.781890	.93867
2610.022979	.94124
2610.264067	.94011
2610.505155	.94027
2610.746244	.93666
2610.987332	.93371
2611.228421	.938
2611.469509	.942
2611.710597	.94146
2611.951686	.93983
2612.192774	.93791
2612.433863	.93633
2612.674951	.93732
2612.916039	.93703
2613.157128	.93624
2613.398216	.93586
2613.639305	.93434
2613.880393	.93694
2614.121481	.94133
2614.362570	.94409
2614.603658	.9408
2614.844747	.93607
2615.085835	.93916
2615.326923	.93869
2615.568012	.93748
2615.809100	.93777
2616.050189	.94031
2616.291277	.93908
2616.532365	.93665
2616.773454	.93892
2617.014542	.94039
2617.255631	.93943
2617.496719	.9383
2617.737807	.93855
2617.978896	.93861
2618.219984	.93788
2618.461073	.93503
2618.702161	.93361
2618.943249	.93887
2619.184338	.9418
2619.425426	.93895
2619.666515	.93944
2619.907603	.93984
2620.148691	.94091
2620.389780	.94293
2620.630868	.94308
2620.871956	.94256
2621.113045	.94155
2621.354133	.94031
2621.595222	.94036
2621.836310	.9402
2622.077398	.93728
2622.318487	.93406
2622.559575	.93445
2622.800664	.93332
2623.041752	.93502
2623.282840	.93985
2623.523929	.94144
2623.765017	.93952
2624.006106	.93773
2624.247194	.93655
2624.488282	.93773
2624.729371	.93618
2624.970459	.93283
2625.211548	.93399
2625.452636	.93596
2625.693724	.93711
2625.934813	.93671
2626.175901	.9355
2626.416990	.93827
2626.658078	.9407
2626.899166	.93876
2627.140255	.93929
2627.381343	.94103
2627.622432	.93666
2627.863520	.93369
2628.104608	.93825
2628.345697	.9417
2628.586785	.9398
2628.827874	.93903
2629.068962	.93909
2629.310050	.93812
2629.551139	.93782
2629.792227	.9376
2630.033316	.93978
2630.274404	.93878
2630.515492	.93807
2630.756581	.93996
2630.997669	.93775
2631.238758	.93777
2631.479846	.93591
2631.720934	.93483
2631.962023	.9374
2632.203111	.9395
2632.444200	.94229
2632.685288	.94143
2632.926376	.93943
2633.167465	.94031
2633.408553	.94161
2633.649641	.93706
2633.890730	.93341
2634.131818	.93652
2634.372907	.93864
2634.613995	.93868
2634.855083	.93682
2635.096172	.93052
2635.337260	.93082
2635.578349	.93713
2635.819437	.94439
2636.060525	.94721
2636.301614	.94348
2636.542702	.94021
2636.783791	.93879
2637.024879	.93698
2637.265967	.93487
2637.507056	.93543
2637.748144	.93971
2637.989233	.94288
2638.230321	.9374
2638.471409	.93348
2638.712498	.93454
2638.953586	.9354
2639.194675	.93883
2639.435763	.93732
2639.676851	.9343
2639.917940	.93724
2640.159028	.93871
2640.400117	.93805
2640.641205	.93789
2640.882293	.93955
2641.123382	.9428
2641.364470	.94117
2641.605559	.93554
2641.846647	.9374
2642.087735	.9424
2642.328824	.93985
2642.569912	.9361
2642.811001	.93607
2643.052089	.93752
2643.293177	.93627
2643.534266	.93626
2643.775354	.9388
2644.016443	.9407
2644.257531	.93925
2644.498619	.93923
2644.739708	.94122
2644.980796	.93865
2645.221885	.93391
2645.462973	.93419
2645.704061	.93517
2645.945150	.93403
2646.186238	.9358
2646.427326	.93955
2646.668415	.93919
2646.909503	.93745
2647.150592	.94026
2647.391680	.94093
2647.632768	.94074
2647.873857	.94012
2648.114945	.93898
2648.356034	.93974
2648.597122	.94023
2648.838210	.93844
2649.079299	.93689
2649.320387	.93879
2649.561476	.94152
2649.802564	.93986
2650.043652	.93703
2650.284741	.93443
2650.525829	.93638
2650.766918	.94086
2651.008006	.94224
2651.249094	.9406
2651.490183	.94012
2651.731271	.94004
2651.972360	.9398
2652.213448	.94026
2652.454536	.93973
2652.695625	.94029
2652.936713	.94104
2653.177802	.93836
2653.418890	.93888
2653.659978	.94103
2653.901067	.94284
2654.142155	.94249
2654.383244	.93756
2654.624332	.93765
2654.865420	.9378
2655.106509	.93614
2655.347597	.93697
2655.588686	.93678
2655.829774	.93334
2656.070862	.93187
2656.311951	.93472
2656.553039	.93909
2656.794128	.93761
2657.035216	.9333
2657.276304	.9377
2657.517393	.94147
2657.758481	.94022
2657.999570	.93861
2658.240658	.93987
2658.481746	.94057
2658.722835	.94093
2658.963923	.94304
2659.205011	.94021
2659.446100	.93764
2659.687188	.93841
2659.928277	.9366
2660.169365	.93753
2660.410453	.93722
2660.651542	.93771
2660.892630	.94173
2661.133719	.94095
2661.374807	.94076
2661.615895	.94117
2661.856984	.94039
2662.098072	.93851
2662.339161	.93865
2662.580249	.94159
2662.821337	.94048
2663.062426	.93893
2663.303514	.94326
2663.544603	.94508
2663.785691	.94003
2664.026779	.93939
2664.267868	.9408
2664.508956	.93919
2664.750045	.93671
2664.991133	.93504
2665.232221	.93459
2665.473310	.93832
2665.714398	.94141
2665.955487	.94027
2666.196575	.9406
2666.437663	.9397
2666.678752	.93951
2666.919840	.93863
2667.160929	.93849
2667.402017	.93873
2667.643105	.93766
2667.884194	.93667
2668.125282	.93648
2668.366371	.93825
2668.607459	.93916
2668.848547	.93627
2669.089636	.93703
2669.330724	.93963
2669.571813	.94081
2669.812901	.93973
2670.053989	.93854
2670.295078	.93763
2670.536166	.93831
2670.777255	.93946
2671.018343	.93702
2671.259431	.9345
2671.500520	.93601
2671.741608	.93901
2671.982697	.93877
2672.223785	.93567
2672.464873	.93888
2672.705962	.93868
2672.947050	.93722
2673.188138	.9387
2673.429227	.93997
2673.670315	.9445
2673.911404	.94188
2674.152492	.9353
2674.393580	.93426
2674.634669	.93983
2674.875757	.94235
2675.116846	.93877
2675.357934	.93947
2675.599022	.93741
2675.840111	.931
2676.081199	.93226
2676.322288	.93338
2676.563376	.93351
2676.804464	.93642
2677.045553	.93837
2677.286641	.93915
2677.527730	.93738
2677.768818	.93648
2678.009906	.93709
2678.250995	.9409
2678.492083	.94155
2678.733172	.93974
2678.974260	.93921
2679.215348	.93897
2679.456437	.93974
2679.697525	.93932
2679.938614	.93837
2680.179702	.93755
2680.420790	.9389
2680.661879	.93898
2680.902967	.93902
2681.144056	.93907
2681.385144	.93579
2681.626232	.93077
2681.867321	.9319
2682.108409	.93752
2682.349498	.93833
2682.590586	.9396
2682.831674	.94185
2683.072763	.94018
2683.313851	.93762
2683.554940	.93745
2683.796028	.93914
2684.037116	.94269
2684.278205	.94335
2684.519293	.93802
2684.760382	.93665
2685.001470	.9411
2685.242558	.94633
2685.483647	.94442
2685.724735	.93694
2685.965823	.93499
2686.206912	.93624
2686.448000	.93645
2686.689089	.93778
2686.930177	.93902
2687.171265	.93678
2687.412354	.93349
2687.653442	.93603
2687.894531	.93875
2688.135619	.93802
2688.376707	.93851
2688.617796	.93808
2688.858884	.93835
2689.099973	.93779
2689.341061	.93649
2689.582149	.93562
2689.823238	.93843
2690.064326	.93844
2690.305415	.93674
2690.546503	.93833
2690.787591	.94005
2691.028680	.94011
2691.269768	.93897
2691.510857	.93912
2691.751945	.93685
2691.993033	.93992
2692.234122	.94741
2692.475210	.94341
2692.716299	.93954
2692.957387	.93708
2693.198475	.93461
2693.439564	.93648
2693.680652	.94143
2693.921741	.94155
2694.162829	.93736
2694.403917	.93639
2694.645006	.93918
2694.886094	.93825
2695.127183	.93833
2695.368271	.93642
2695.609359	.9317
2695.850448	.93516
2696.091536	.93804
2696.332625	.93668
2696.573713	.93918
2696.814801	.9421
2697.055890	.93903
2697.296978	.9345
2697.538067	.93414
2697.779155	.93956
2698.020243	.93952
2698.261332	.93655
2698.502420	.93778
2698.743508	.93937
2698.984597	.93988
2699.225685	.94
2699.466774	.94007
2699.707862	.93861
2699.948950	.93776
2700.190039	.9368
2700.431127	.93596
2700.672216	.93427
2700.913304	.93526
2701.154392	.93707
2701.395481	.93589
2701.636569	.93722
2701.877658	.93872
2702.118746	.93658
2702.359834	.93612
2702.600923	.93982
2702.842011	.94299
2703.083100	.94142
2703.324188	.93723
2703.565276	.9378
2703.806365	.93789
2704.047453	.9353
2704.288542	.93573
2704.529630	.93652
2704.770718	.93726
2705.011807	.93832
2705.252895	.93744
2705.493984	.93656
2705.735072	.93608
2705.976160	.93528
2706.217249	.93367
2706.458337	.93341
2706.699426	.93545
2706.940514	.93905
2707.181602	.94069
2707.422691	.93869
2707.663779	.93698
2707.904868	.93896
2708.145956	.93733
2708.387044	.93501
2708.628133	.93457
2708.869221	.93529
2709.110310	.93824
2709.351398	.94098
2709.592486	.93862
2709.833575	.93687
2710.074663	.93864
2710.315752	.93803
2710.556840	.93411
2710.797928	.93013
2711.039017	.93166
2711.280105	.93784
2711.521194	.93765
2711.762282	.93711
2712.003370	.94068
2712.244459	.94071
2712.485547	.94104
2712.726635	.94275
2712.967724	.93966
2713.208812	.93534
2713.449901	.93513
2713.690989	.9333
2713.932077	.93612
2714.173166	.94185
2714.414254	.94183
2714.655343	.94002
2714.896431	.93744
2715.137519	.93567
2715.378608	.93577
2715.619696	.93726
2715.860785	.93839
2716.101873	.94119
2716.342961	.94224
2716.584050	.93826
2716.825138	.9377
2717.066227	.93675
2717.307315	.93671
2717.548403	.93587
2717.789492	.93427
2718.030580	.9363
2718.271669	.93792
2718.512757	.93621
2718.753845	.93627
2718.994934	.93999
2719.236022	.93776
2719.477111	.93595
2719.718199	.94029
2719.959287	.9408
2720.200376	.93539
2720.441464	.93113
2720.682553	.93562
2720.923641	.93976
2721.164729	.93685
2721.405818	.93764
2721.646906	.93688
2721.887995	.93485
2722.129083	.93349
2722.370171	.93538
2722.611260	.93662
2722.852348	.93913
2723.093437	.9418
2723.334525	.93978
2723.575613	.93581
2723.816702	.93765
2724.057790	.93942
2724.298879	.93737
2724.539967	.9338
2724.781055	.93399
2725.022144	.93852
2725.263232	.9414
2725.504320	.94124
2725.745409	.93701
2725.986497	.93615
2726.227586	.94181
2726.468674	.94063
2726.709762	.93288
2726.950851	.93387
2727.191939	.93961
2727.433028	.94151
2727.674116	.9428
2727.915204	.93997
2728.156293	.93501
2728.397381	.93479
2728.638470	.93784
2728.879558	.93938
2729.120646	.93759
2729.361735	.93524
2729.602823	.93419
2729.843912	.93444
2730.085000	.93629
2730.326088	.93914
2730.567177	.94027
2730.808265	.94019
2731.049354	.94042
2731.290442	.9411
2731.531530	.94106
2731.772619	.94011
2732.013707	.93711
2732.254796	.93251
2732.495884	.93126
2732.736972	.93658
2732.978061	.94187
2733.219149	.94202
2733.460238	.93964
2733.701326	.9383
2733.942414	.93397
2734.183503	.93682
2734.424591	.93894
2734.665680	.93787
2734.906768	.93617
2735.147856	.938
2735.388945	.93944
2735.630033	.93914
2735.871122	.9383
2736.112210	.93426
2736.353298	.93454
2736.594387	.93679
2736.835475	.9389
2737.076564	.93838
2737.317652	.93719
2737.558740	.93833
2737.799829	.93789
2738.040917	.93562
2738.282005	.93785
2738.523094	.94011
2738.764182	.94264
2739.005271	.94407
2739.246359	.94114
2739.487447	.94273
2739.728536	.94461
2739.969624	.93866
2740.210713	.93938
2740.451801	.94205
2740.692889	.93805
2740.933978	.93562
2741.175066	.93489
2741.416155	.93645
2741.657243	.93665
2741.898331	.93441
2742.139420	.93505
2742.380508	.9388
2742.621597	.93995
2742.862685	.93942
2743.103773	.93693
2743.344862	.93368
2743.585950	.93494
2743.827039	.93989
2744.068127	.94204
2744.309215	.9396
2744.550304	.93831
2744.791392	.93956
2745.032481	.9402
2745.273569	.9372
2745.514657	.93544
2745.755746	.93731
2745.996834	.9396
2746.237923	.9386
2746.479011	.9381
2746.720099	.93791
2746.961188	.9358
2747.202276	.93655
2747.443365	.93855
2747.684453	.9392
2747.925541	.93898
2748.166630	.93948
2748.407718	.94126
2748.648807	.94064
2748.889895	.93553
2749.130983	.93552
2749.372072	.94196
2749.613160	.94082
2749.854249	.9361
2750.095337	.93531
2750.336425	.93854
2750.577514	.93951
2750.818602	.93703
2751.059690	.9377
2751.300779	.93895
2751.541867	.93611
2751.782956	.93628
2752.024044	.93817
2752.265132	.94316
2752.506221	.94443
2752.747309	.94245
2752.988398	.94062
2753.229486	.9401
2753.470574	.94115
2753.711663	.9427
2753.952751	.94127
2754.193840	.93846
2754.434928	.93651
2754.676016	.93516
2754.917105	.93768
2755.158193	.93998
2755.399282	.93723
2755.640370	.93617
2755.881458	.9355
2756.122547	.93353
2756.363635	.93144
2756.604724	.93196
2756.845812	.93516
2757.086900	.93874
2757.327989	.94115
2757.569077	.93845
2757.810166	.93807
2758.051254	.94048
2758.292342	.94256
2758.533431	.93957
2758.774519	.93648
2759.015608	.93923
2759.256696	.93897
2759.497784	.93687
2759.738873	.93361
2759.979961	.93347
2760.221050	.9371
2760.462138	.9362
2760.703226	.93576
2760.944315	.93723
2761.185403	.93757
2761.426492	.93693
2761.667580	.93643
2761.908668	.93383
2762.149757	.93706
2762.390845	.94354
2762.631934	.94684
2762.873022	.94721
2763.114110	.94202
2763.355199	.93989
2763.596287	.93751
2763.837376	.93785
2764.078464	.93729
2764.319552	.93384
2764.560641	.93442
2764.801729	.93487
2765.042817	.93494
2765.283906	.9393
2765.524994	.93417
2765.766083	.93158
2766.007171	.93234
2766.248259	.93343
2766.489348	.93477
2766.730436	.93635
2766.971525	.93669
2767.212613	.93618
2767.453701	.93595
2767.694790	.93975
2767.935878	.93919
2768.176967	.93688
2768.418055	.93865
2768.659143	.9381
2768.900232	.93526
2769.141320	.93581
2769.382409	.93779
2769.623497	.93672
2769.864585	.93708
2770.105674	.93809
2770.346762	.93896
2770.587851	.93983
2770.828939	.93592
2771.070027	.93348
2771.311116	.93545
2771.552204	.93834
2771.793293	.93891
2772.034381	.93741
2772.275469	.93764
2772.516558	.94103
2772.757646	.94039
2772.998735	.93476
2773.239823	.93314
2773.480911	.93709
2773.722000	.93892
2773.963088	.93697
2774.204177	.9327
2774.445265	.93547
2774.686353	.93624
2774.927442	.93497
2775.168530	.93368
2775.409619	.93635
2775.650707	.93881
2775.891795	.93768
2776.132884	.93883
2776.373972	.93775
2776.615061	.93557
2776.856149	.93584
2777.097237	.93352
2777.338326	.93093
2777.579414	.93204
2777.820502	.93333
2778.061591	.93297
2778.302679	.9386
2778.543768	.94164
2778.784856	.93624
2779.025944	.93276
2779.267033	.93479
2779.508121	.93904
2779.749210	.9376
2779.990298	.93398
2780.231386	.93905
2780.472475	.94198
2780.713563	.93833
2780.954652	.93605
2781.195740	.93335
2781.436828	.93337
2781.677917	.93614
2781.919005	.9358
2782.160094	.93872
2782.401182	.9416
2782.642270	.93874
2782.883359	.93783
2783.124447	.93905
2783.365536	.93921
2783.606624	.93498
2783.847712	.93342
2784.088801	.93304
2784.329889	.93401
2784.570978	.93572
2784.812066	.93643
2785.053154	.93894
2785.294243	.93634
2785.535331	.93052
2785.776420	.93176
2786.017508	.93512
2786.258596	.93783
2786.499685	.94026
2786.740773	.9404
2786.981862	.93882
2787.222950	.93925
2787.464038	.94165
2787.705127	.93986
2787.946215	.936
2788.187304	.9364
2788.428392	.93461
2788.669480	.9318
2788.910569	.93475
2789.151657	.93779
2789.392746	.94029
2789.633834	.93809
2789.874922	.93692
2790.116011	.9362
2790.357099	.93088
2790.598187	.92922
2790.839276	.92939
2791.080364	.93248
2791.321453	.93501
2791.562541	.93465
2791.803629	.93457
2792.044718	.93617
2792.285806	.93564
2792.526895	.93671
2792.767983	.94109
2793.009071	.94044
2793.250160	.93754
2793.491248	.93844
2793.732337	.93673
2793.973425	.93471
2794.214513	.93725
2794.455602	.9386
2794.696690	.93628
2794.937779	.93646
2795.178867	.93403
2795.419955	.93159
2795.661044	.93199
2795.902132	.93185
2796.143221	.93581
2796.384309	.93757
2796.625397	.93979
2796.866486	.94001
2797.107574	.93799
2797.348663	.9375
2797.589751	.94099
2797.830839	.94074
2798.071928	.93837
2798.313016	.93773
2798.554105	.93741
2798.795193	.94113
2799.036281	.93851
2799.277370	.93717
2799.518458	.94069
2799.759547	.93913
2800.000635	.93706
2800.241723	.93526
2800.482812	.93426
2800.723900	.9356
2800.964989	.93625
2801.206077	.93231
2801.447165	.93336
2801.688254	.93379
2801.929342	.93239
2802.170431	.93578
2802.411519	.93873
2802.652607	.94074
2802.893696	.93827
2803.134784	.93554
2803.375873	.93748
2803.616961	.94262
2803.858049	.94512
2804.099138	.94646
2804.340226	.94559
2804.581314	.93757
2804.822403	.93363
2805.063491	.93312
2805.304580	.93269
2805.545668	.93467
2805.786756	.93943
2806.027845	.93889
2806.268933	.93784
2806.510022	.93605
2806.751110	.93493
2806.992198	.93234
2807.233287	.93334
2807.474375	.94214
2807.715464	.942
2807.956552	.93438
2808.197640	.93262
2808.438729	.93515
2808.679817	.93508
2808.920906	.93931
2809.161994	.93956
2809.403082	.93447
2809.644171	.93526
2809.885259	.93709
2810.126348	.93693
2810.367436	.93507
2810.608524	.93267
2810.849613	.93491
2811.090701	.93452
2811.331790	.93084
2811.572878	.93236
2811.813966	.93721
2812.055055	.93955
2812.296143	.93853
2812.537232	.93965
2812.778320	.93806
2813.019408	.93734
2813.260497	.93755
2813.501585	.93752
2813.742674	.93567
2813.983762	.9318
2814.224850	.93491
2814.465939	.94029
2814.707027	.94255
2814.948116	.9398
2815.189204	.9398
2815.430292	.93828
2815.671381	.9319
2815.912469	.92808
2816.153558	.9319
2816.394646	.936
2816.635734	.93655
2816.876823	.93729
2817.117911	.93863
2817.358999	.93815
2817.600088	.9393
2817.841176	.93983
2818.082265	.93716
2818.323353	.9363
2818.564441	.93658
2818.805530	.93403
2819.046618	.93366
2819.287707	.93397
2819.528795	.934
2819.769883	.93794
2820.010972	.93853
2820.252060	.93398
2820.493149	.93297
2820.734237	.9377
2820.975325	.94038
2821.216414	.93892
2821.457502	.93571
2821.698591	.93662
2821.939679	.94036
2822.180767	.94492
2822.421856	.94261
2822.662944	.93966
2822.904033	.93875
2823.145121	.93867
2823.386209	.93855
2823.627298	.93612
2823.868386	.93601
2824.109475	.93768
2824.350563	.9383
2824.591651	.93951
2824.832740	.9382
2825.073828	.93194
2825.314917	.93278
2825.556005	.93998
2825.797093	.93859
2826.038182	.93448
2826.279270	.93472
2826.520359	.93448
2826.761447	.93421
2827.002535	.93259
2827.243624	.93515
2827.484712	.93854
2827.725801	.9378
2827.966889	.93581
2828.207977	.93247
2828.449066	.93139
2828.690154	.93142
2828.931243	.93481
2829.172331	.93804
2829.413419	.93757
2829.654508	.93426
2829.895596	.93264
2830.136684	.93142
2830.377773	.93364
2830.618861	.93768
2830.859950	.93942
2831.101038	.94126
2831.342126	.94178
2831.583215	.93737
2831.824303	.93499
2832.065392	.93284
2832.306480	.9322
2832.547568	.93486
2832.788657	.93668
2833.029745	.93722
2833.270834	.94055
2833.511922	.94257
2833.753010	.93846
2833.994099	.93053
2834.235187	.93095
2834.476276	.93635
2834.717364	.93598
2834.958452	.93632
2835.199541	.93887
2835.440629	.93882
2835.681718	.93385
2835.922806	.92641
2836.163894	.92889
2836.404983	.93935
2836.646071	.94346
2836.887160	.94184
2837.128248	.93604
2837.369336	.93223
2837.610425	.93106
2837.851513	.9327
2838.092602	.93802
2838.333690	.939
2838.574778	.93443
2838.815867	.93118
2839.056955	.93288
2839.298044	.94067
2839.539132	.93962
2839.780220	.93522
2840.021309	.93604
2840.262397	.93728
2840.503486	.93503
2840.744574	.93402
2840.985662	.93764
2841.226751	.93777
2841.467839	.93365
2841.708928	.93164
2841.950016	.93155
2842.191104	.9313
2842.432193	.93464
2842.673281	.93511
2842.914370	.93333
2843.155458	.93506
2843.396546	.93902
2843.637635	.94207
2843.878723	.93917
2844.119811	.93635
2844.360900	.93356
2844.601988	.92962
2844.843077	.93016
2845.084165	.93123
2845.325253	.93348
2845.566342	.93529
2845.807430	.93094
2846.048519	.9301
2846.289607	.93635
2846.530695	.93706
2846.771784	.9318
2847.012872	.93172
2847.253961	.93188
2847.495049	.93174
2847.736137	.93254
2847.977226	.93383
2848.218314	.93629
2848.459403	.93367
2848.700491	.93125
2848.941579	.93401
2849.182668	.93312
2849.423756	.93253
2849.664845	.9336
2849.905933	.93164
2850.147021	.92919
2850.388110	.93335
2850.629198	.93664
2850.870287	.93427
2851.111375	.93209
2851.352463	.93148
2851.593552	.93296
2851.834640	.9314
2852.075729	.93115
2852.316817	.93256
2852.557905	.93016
2852.798994	.92945
2853.040082	.93218
2853.281171	.93099
2853.522259	.93093
2853.763347	.93422
2854.004436	.93535
2854.245524	.93423
2854.486613	.93412
2854.727701	.93723
2854.968789	.93368
2855.209878	.9275
2855.450966	.93302
2855.692055	.93966
2855.933143	.93749
2856.174231	.92909
2856.415320	.92969
2856.656408	.93679
2856.897496	.93522
2857.138585	.92966
2857.379673	.92747
2857.620762	.92619
2857.861850	.92558
2858.102938	.92678
2858.344027	.93178
2858.585115	.93485
2858.826204	.93133
2859.067292	.93094
2859.308380	.93277
2859.549469	.93588
2859.790557	.93689
2860.031646	.93445
2860.272734	.93425
2860.513822	.93857
2860.754911	.93928
2860.995999	.93765
2861.237088	.93591
2861.478176	.93301
2861.719264	.93031
2861.960353	.92597
2862.201441	.9232
2862.442530	.92792
2862.683618	.93351
2862.924706	.92898
2863.165795	.92962
2863.406883	.93334
2863.647972	.93564
2863.889060	.93532
2864.130148	.93274
2864.371237	.93332
2864.612325	.93115
2864.853414	.92969
2865.094502	.93285
2865.335590	.92785
2865.576679	.92834
2865.817767	.93577
2866.058856	.93655
2866.299944	.93354
2866.541032	.93518
2866.782121	.93694
2867.023209	.93378
2867.264298	.92776
2867.505386	.92451
2867.746474	.92758
2867.987563	.93386
2868.228651	.93531
2868.469740	.93126
2868.710828	.92703
2868.951916	.92741
2869.193005	.93019
2869.434093	.93261
2869.675181	.93513
2869.916270	.93761
2870.157358	.93694
2870.398447	.93543
2870.639535	.93185
2870.880623	.92881
2871.121712	.93256
2871.362800	.93591
2871.603889	.93684
2871.844977	.93928
2872.086065	.93868
2872.327154	.9336
2872.568242	.93105
2872.809331	.93032
2873.050419	.93108
2873.291507	.93179
2873.532596	.93448
2873.773684	.93589
2874.014773	.93434
2874.255861	.93519
2874.496949	.93893
2874.738038	.93526
2874.979126	.9294
2875.220215	.92791
2875.461303	.92798
2875.702391	.93229
2875.943480	.93542
2876.184568	.93495
2876.425657	.93197
2876.666745	.93396
2876.907833	.93692
2877.148922	.93586
2877.390010	.93396
2877.631099	.93206
2877.872187	.9332
2878.113275	.93499
2878.354364	.93733
2878.595452	.93696
2878.836541	.93382
2879.077629	.93369
2879.318717	.93421
2879.559806	.93179
2879.800894	.9327
2880.041983	.93763
2880.283071	.93832
2880.524159	.93444
2880.765248	.93312
2881.006336	.93503
2881.247425	.93391
2881.488513	.93216
2881.729601	.93062
2881.970690	.92906
2882.211778	.93066
2882.452866	.93437
2882.693955	.9351
2882.935043	.9382
2883.176132	.93839
2883.417220	.93663
2883.658308	.93486
2883.899397	.93125
2884.140485	.93254
2884.381574	.93451
2884.622662	.93209
2884.863750	.92981
2885.104839	.93195
2885.345927	.93344
2885.587016	.93511
2885.828104	.93545
2886.069192	.935
2886.310281	.93791
2886.551369	.93723
2886.792458	.93443
2887.033546	.93544
2887.274634	.93225
2887.515723	.93018
2887.756811	.93073
2887.997900	.93666
2888.238988	.93584
2888.480076	.93001
2888.721165	.92851
2888.962253	.93152
2889.203342	.93698
2889.444430	.93814
2889.685518	.93582
2889.926607	.93372
2890.167695	.93494
2890.408784	.9338
2890.649872	.93559
2890.890960	.93917
2891.132049	.93856
2891.373137	.93514
2891.614226	.9325
2891.855314	.93371
2892.096402	.93437
2892.337491	.93057
2892.578579	.92775
2892.819668	.93092
2893.060756	.93377
2893.301844	.93384
2893.542933	.93279
2893.784021	.92894
2894.025110	.92657
2894.266198	.93301
2894.507286	.93411
2894.748375	.93253
2894.989463	.93219
2895.230552	.93699
2895.471640	.93904
2895.712728	.93509
2895.953817	.92972
2896.194905	.92762
2896.435993	.93197
2896.677082	.93405
2896.918170	.93255
2897.159259	.93059
2897.400347	.92989
2897.641435	.93352
2897.882524	.9358
2898.123612	.93222
2898.364701	.92905
2898.605789	.93073
2898.846877	.93479
2899.087966	.93678
2899.329054	.9345
2899.570143	.93533
2899.811231	.93497
2900.052319	.93528
2900.293408	.93362
2900.534496	.93232
2900.775585	.93219
2901.016673	.93112
2901.257761	.93102
2901.498850	.92987
2901.739938	.93197
2901.981027	.93472
2902.222115	.92984
2902.463203	.9301
2902.704292	.93439
2902.945380	.93184
2903.186469	.9303
2903.427557	.93441
2903.668645	.93664
2903.909734	.93473
2904.150822	.93359
2904.391911	.93195
2904.632999	.92921
2904.874087	.93217
2905.115176	.9352
2905.356264	.93357
2905.597353	.92929
2905.838441	.92857
2906.079529	.93263
2906.320618	.93416
2906.561706	.93289
2906.802795	.92951
2907.043883	.92847
2907.284971	.9286
2907.526060	.93106
2907.767148	.93546
2908.008237	.93584
2908.249325	.93245
2908.490413	.92876
2908.731502	.93252
2908.972590	.9344
2909.213678	.93241
2909.454767	.9324
2909.695855	.93193
2909.936944	.932
2910.178032	.93123
2910.419120	.92878
2910.660209	.92745
2910.901297	.92691
2911.142386	.93026
2911.383474	.93289
2911.624562	.93066
2911.865651	.92809
2912.106739	.93045
2912.347828	.93007
2912.588916	.92699
2912.830004	.92691
2913.071093	.92756
2913.312181	.93096
2913.553270	.932
2913.794358	.93194
2914.035446	.93272
2914.276535	.92794
2914.517623	.92563
2914.758712	.92802
2914.999800	.92416
2915.240888	.92457
2915.481977	.92814
2915.723065	.92983
2915.964154	.9323
2916.205242	.931
2916.446330	.93118
2916.687419	.93027
2916.928507	.92802
2917.169596	.92901
2917.410684	.92782
2917.651772	.92393
2917.892861	.92439
2918.133949	.92668
2918.375038	.92846
2918.616126	.92956
2918.857214	.9291
2919.098303	.92735
2919.339391	.92568
2919.580480	.92518
2919.821568	.92825
2920.062656	.9304
2920.303745	.92723
2920.544833	.92494
2920.785922	.92756
2921.027010	.92911
2921.268098	.92736
2921.509187	.92656
2921.750275	.92914
2921.991363	.93039
2922.232452	.92454
2922.473540	.92204
2922.714629	.92487
2922.955717	.92269
2923.196805	.92652
2923.437894	.93303
2923.678982	.9318
2923.920071	.93374
2924.161159	.9367
2924.402247	.92748
2924.643336	.92086
2924.884424	.92238
2925.125513	.92442
2925.366601	.9233
2925.607689	.92023
2925.848778	.9188
2926.089866	.92078
2926.330955	.92375
2926.572043	.92688
2926.813131	.92817
2927.054220	.93048
2927.295308	.93413
2927.536397	.93633
2927.777485	.93466
2928.018573	.92992
2928.259662	.9286
2928.500750	.92652
2928.741839	.92655
2928.982927	.92796
2929.224015	.92677
2929.465104	.92659
2929.706192	.92676
2929.947281	.92641
2930.188369	.92863
2930.429457	.93145
2930.670546	.93191
2930.911634	.93065
2931.152723	.92666
2931.393811	.92257
2931.634899	.92122
2931.875988	.92157
2932.117076	.9255
2932.358165	.92624
2932.599253	.92366
2932.840341	.92699
2933.081430	.93062
2933.322518	.93255
2933.563607	.93452
2933.804695	.93288
2934.045783	.93014
2934.286872	.92825
2934.527960	.92628
2934.769049	.92753
2935.010137	.93111
2935.251225	.93028
2935.492314	.93075
2935.733402	.92916
2935.974490	.92829
2936.215579	.93303
2936.456667	.93332
2936.697756	.92801
2936.938844	.92958
2937.179932	.93038
2937.421021	.92739
2937.662109	.92636
2937.903198	.92716
2938.144286	.92481
2938.385374	.92646
2938.626463	.93352
2938.867551	.93683
2939.108640	.93541
2939.349728	.9332
2939.590816	.93072
2939.831905	.92965
2940.072993	.92912
2940.314082	.92768
2940.555170	.92686
2940.796258	.9275
2941.037347	.93235
2941.278435	.93431
2941.519524	.9321
2941.760612	.93443
2942.001700	.93777
2942.242789	.93076
2942.483877	.92385
2942.724966	.92406
2942.966054	.92529
2943.207142	.92585
2943.448231	.9275
2943.689319	.93169
2943.930408	.92926
2944.171496	.92662
2944.412584	.93204
2944.653673	.93784
2944.894761	.93908
2945.135850	.93815
2945.376938	.9346
2945.618026	.9308
2945.859115	.92871
2946.100203	.92859
2946.341292	.93033
2946.582380	.93246
2946.823468	.93149
2947.064557	.92883
2947.305645	.92868
2947.546734	.92966
2947.787822	.92671
2948.028910	.92854
2948.269999	.9323
2948.511087	.93324
2948.752175	.93187
2948.993264	.93209
2949.234352	.93232
2949.475441	.92886
2949.716529	.92926
2949.957617	.92712
2950.198706	.92679
2950.439794	.92783
2950.680883	.92794
2950.921971	.929
2951.163059	.9301
2951.404148	.93304
2951.645236	.9385
2951.886325	.93861
2952.127413	.93643
2952.368501	.93617
2952.609590	.93429
2952.850678	.92788
2953.091767	.92659
2953.332855	.93094
2953.573943	.93523
2953.815032	.93548
2954.056120	.93275
2954.297209	.93109
2954.538297	.93203
2954.779385	.93085
2955.020474	.9323
2955.261562	.9371
2955.502651	.93591
2955.743739	.93384
2955.984827	.93679
2956.225916	.93811
2956.467004	.93057
2956.708093	.92543
2956.949181	.92625
2957.190269	.92708
2957.431358	.92511
2957.672446	.92532
2957.913535	.93105
2958.154623	.93298
2958.395711	.93195
2958.636800	.931
2958.877888	.93333
2959.118977	.93468
2959.360065	.93058
2959.601153	.92889
2959.842242	.92787
2960.083330	.93009
2960.324419	.92947
2960.565507	.92847
2960.806595	.92816
2961.047684	.9252
2961.288772	.92644
2961.529860	.93327
2961.770949	.93368
2962.012037	.92791
2962.253126	.92836
2962.494214	.92802
2962.735302	.93036
2962.976391	.93334
2963.217479	.9333
2963.458568	.93288
2963.699656	.93101
2963.940744	.93068
2964.181833	.92932
2964.422921	.92838
2964.664010	.93291
2964.905098	.93432
2965.146186	.93379
2965.387275	.92947
2965.628363	.92604
2965.869452	.92621
2966.110540	.92696
2966.351628	.93167
2966.592717	.9338
2966.833805	.93164
2967.074894	.93154
2967.315982	.92996
2967.557070	.92941
2967.798159	.93126
2968.039247	.93013
2968.280336	.92677
2968.521424	.92707
2968.762512	.92796
2969.003601	.92613
2969.244689	.92177
2969.485778	.92292
2969.726866	.92739
2969.967954	.92688
2970.209043	.9291
2970.450131	.93213
2970.691220	.93105
2970.932308	.93124
2971.173396	.9279
2971.414485	.92703
2971.655573	.9309
2971.896662	.93213
2972.137750	.93285
2972.378838	.9325
2972.619927	.92988
2972.861015	.93093
2973.102104	.93031
2973.343192	.93017
2973.584280	.93408
2973.825369	.93482
2974.066457	.93061
2974.307545	.93139
2974.548634	.93254
2974.789722	.92943
2975.030811	.92678
2975.271899	.92843
2975.512987	.93103
2975.754076	.93193
2975.995164	.93138
2976.236253	.93256
2976.477341	.93135
2976.718429	.92946
2976.959518	.93224
2977.200606	.93353
2977.441695	.92899
2977.682783	.93175
2977.923871	.93374
2978.164960	.93545
2978.406048	.93503
2978.647137	.93076
2978.888225	.92982
2979.129313	.93155
2979.370402	.93557
2979.611490	.93737
2979.852579	.93435
2980.093667	.93334
2980.334755	.93287
2980.575844	.93212
2980.816932	.92996
2981.058021	.92719
2981.299109	.93049
2981.540197	.93087
2981.781286	.9304
2982.022374	.93321
2982.263463	.93147
2982.504551	.92708
2982.745639	.92741
2982.986728	.92781
2983.227816	.93041
2983.468905	.93563
2983.709993	.9318
2983.951081	.92984
2984.192170	.93354
2984.433258	.93386
2984.674347	.93496
2984.915435	.93483
2985.156523	.93515
2985.397612	.93655
2985.638700	.93804
2985.879789	.93704
2986.120877	.93111
2986.361965	.93286
2986.603054	.9378
2986.844142	.93691
2987.085231	.9353
2987.326319	.93388
2987.567407	.93036
2987.808496	.92682
2988.049584	.92976
2988.290672	.93437
2988.531761	.93554
2988.772849	.93597
2989.013938	.93548
2989.255026	.93436
2989.496114	.93274
2989.737203	.93056
2989.978291	.93241
2990.219380	.93281
2990.460468	.93649
2990.701556	.94011
2990.942645	.93858
2991.183733	.93585
2991.424822	.93953
2991.665910	.9401
2991.906998	.93495
2992.148087	.93311
2992.389175	.93159
2992.630264	.93115
2992.871352	.93479
2993.112440	.93302
2993.353529	.93337
2993.594617	.93847
2993.835706	.93921
2994.076794	.93815
2994.317882	.93576
2994.558971	.93535
2994.800059	.93976
2995.041148	.94121
2995.282236	.93624
2995.523324	.93224
2995.764413	.93066
2996.005501	.93193
2996.246590	.93519
2996.487678	.93854
2996.728766	.94082
2996.969855	.93614
2997.210943	.93585
2997.452032	.93885
2997.693120	.93911
2997.934208	.94186
2998.175297	.93979
2998.416385	.9348
2998.657474	.93088
2998.898562	.92989
2999.139650	.92941
2999.380739	.93013
2999.621827	.93353
2999.862916	.93432
3000.104004	.93535
