499.535156	.90069
500.499510	.89805
501.463863	.89375
502.428217	.89026
503.392571	.88763
504.356924	.88489
505.321278	.8823
506.285631	.88104
507.249985	.88083
508.214339	.8802
509.178692	.88047
510.143046	.8817
511.107399	.8808
512.071753	.87876
513.036106	.87935
514.000460	.88158
514.964814	.88165
515.929167	.87974
516.893521	.87783
517.857874	.87573
518.822228	.87434
519.786582	.87463
520.750935	.87479
521.715289	.87392
522.679642	.8733
523.643996	.87381
524.608349	.87522
525.572703	.87705
526.537057	.87924
527.501410	.88201
528.465764	.8854
529.430117	.88828
530.394471	.88977
531.358825	.89111
532.323178	.8929
533.287532	.89505
534.251885	.89846
535.216239	.90089
536.180593	.90079
537.144946	.90227
538.109300	.90615
539.073653	.90868
540.038007	.91014
541.002360	.91227
541.966714	.91395
542.931068	.91498
543.895421	.91618
544.859775	.91698
545.824128	.91796
546.788482	.91972
547.752836	.91967
548.717189	.91643
549.681543	.91277
550.645896	.91103
551.610250	.91058
552.574603	.90964
553.538957	.90694
554.503311	.90295
555.467664	.90062
556.432018	.90115
557.396371	.90079
558.360725	.89679
559.325079	.8919
560.289432	.88961
561.253786	.88901
562.218139	.88772
563.182493	.88657
564.146846	.88588
565.111200	.8831
566.075554	.88049
567.039907	.88144
568.004261	.88078
568.968614	.87645
569.932968	.87537
570.897322	.8782
571.861675	.87892
572.826029	.87824
573.790382	.88042
574.754736	.88322
575.719090	.88397
576.683443	.88596
577.647797	.89015
578.612150	.89362
579.576504	.89608
580.540857	.89919
581.505211	.90322
582.469565	.90642
583.433918	.90809
584.398272	.91034
585.362625	.91392
586.326979	.91685
587.291333	.91879
588.255686	.92094
589.220040	.92306
590.184393	.92512
591.148747	.9279
592.113100	.93047
593.077454	.93157
594.041808	.9322
595.006161	.93318
595.970515	.9335
596.934868	.9329
597.899222	.93236
598.863576	.93159
599.827929	.92961
600.792283	.92711
601.756636	.92573
602.720990	.92478
603.685343	.92175
604.649697	.91741
605.614051	.91526
606.578404	.91449
607.542758	.91225
608.507111	.90959
609.471465	.90784
610.435819	.90661
611.400172	.90585
612.364526	.90458
613.328879	.90146
614.293233	.89814
615.257587	.89694
616.221940	.89633
617.186294	.89431
618.150647	.89191
619.115001	.88999
620.079354	.88865
621.043708	.88859
622.008062	.88943
622.972415	.88925
623.936769	.88809
624.901122	.88775
625.865476	.88818
626.829830	.88881
627.794183	.89026
628.758537	.89253
629.722890	.89475
630.687244	.89709
631.651597	.8991
632.615951	.89904
633.580305	.89741
634.544658	.89631
635.509012	.89712
636.473365	.89993
637.437719	.90283
638.402073	.90461
639.366426	.90629
640.330780	.9087
641.295133	.91112
642.259487	.91332
643.223841	.91576
644.188194	.91812
645.152548	.92045
646.116901	.92246
647.081255	.92266
648.045608	.92133
649.009962	.92103
649.974316	.92243
650.938669	.92361
651.903023	.92407
652.867376	.92418
653.831730	.92368
654.796084	.92287
655.760437	.92226
656.724791	.92184
657.689144	.92123
658.653498	.92072
659.617851	.92035
660.582205	.91894
661.546559	.91636
662.510912	.91383
663.475266	.91184
664.439619	.91002
665.403973	.90675
666.368327	.89616
667.332680	.87197
668.297034	.85675
669.261387	.87157
670.225741	.88603
671.190094	.88952
672.154448	.88785
673.118802	.88655
674.083155	.88633
675.047509	.88555
676.011862	.88389
676.976216	.883
677.940570	.88297
678.904923	.88241
679.869277	.88188
680.833630	.88194
681.797984	.88183
682.762338	.88194
683.726691	.88313
684.691045	.88509
685.655398	.88679
686.619752	.88818
687.584105	.89029
688.548459	.8927
689.512813	.89485
690.477166	.89775
691.441520	.90099
692.405873	.90307
693.370227	.90474
694.334581	.90717
695.298934	.90956
696.263288	.91103
697.227641	.91217
698.191995	.91356
699.156348	.91515
700.120702	.91675
701.085056	.91813
702.049409	.91914
703.013763	.91989
703.978116	.92056
704.942470	.921
705.906824	.92093
706.871177	.92048
707.835531	.92035
708.799884	.92084
709.764238	.92101
710.728591	.92005
711.692945	.91816
712.657299	.91586
713.621652	.91412
714.586006	.91294
715.550359	.91121
716.514713	.90885
717.479067	.90615
718.443420	.90277
719.407774	.89888
720.372127	.89583
721.336481	.89428
722.300835	.89344
723.265188	.89302
724.229542	.89281
725.193895	.89198
726.158249	.89092
727.122602	.8905
728.086956	.88994
729.051310	.88853
730.015663	.88697
730.980017	.8856
731.944370	.88466
732.908724	.88454
733.873078	.88434
734.837431	.8834
735.801785	.88255
736.766138	.88221
737.730492	.88259
738.694845	.88379
739.659199	.88506
740.623553	.88622
741.587906	.88793
742.552260	.89001
743.516613	.89167
744.480967	.89301
745.445321	.89439
746.409674	.89565
747.374028	.89701
748.338381	.89884
749.302735	.9004
750.267088	.90132
751.231442	.90256
752.195796	.90444
753.160149	.90621
754.124503	.90767
755.088856	.90884
756.053210	.90977
757.017564	.91075
757.981917	.91184
758.946271	.91266
759.910624	.91251
760.874978	.91149
761.839332	.91081
762.803685	.91048
763.768039	.90947
764.732392	.90816
765.696746	.90745
766.661099	.9063
767.625453	.90391
768.589807	.90153
769.554160	.90004
770.518514	.89847
771.482867	.8962
772.447221	.89385
773.411575	.89183
774.375928	.88984
775.340282	.8875
776.304635	.88493
777.268989	.88215
778.233342	.87871
779.197696	.87507
780.162050	.87169
781.126403	.86795
782.090757	.86355
783.055110	.85858
784.019464	.85283
784.983818	.84633
785.948171	.83991
786.912525	.83393
787.876878	.82791
788.841232	.82241
789.805586	.81755
790.769939	.81184
791.734293	.80547
792.698646	.7994
793.663000	.79283
794.627353	.78553
795.591707	.77836
796.556061	.77113
797.520414	.76316
798.484768	.75435
799.449121	.74416
800.413475	.73201
801.377829	.71731
802.342182	.69847
803.306536	.67382
804.270889	.643
805.235243	.60812
806.199596	.57423
807.163950	.54701
808.128304	.5305
809.092657	.52721
810.057011	.5378
811.021364	.56061
811.985718	.59237
812.950072	.62884
813.914425	.66535
814.878779	.69739
815.843132	.72255
816.807486	.74139
817.771839	.75526
818.736193	.76474
819.700547	.77064
820.664900	.77418
821.629254	.77617
822.593607	.77673
823.557961	.77527
824.522315	.7715
825.486668	.76649
826.451022	.76095
827.415375	.75429
828.379729	.74616
829.344083	.73694
830.308436	.72707
831.272790	.71611
832.237143	.70315
833.201497	.68794
834.165850	.67014
835.130204	.64785
836.094558	.61706
837.058911	.57182
838.023265	.50426
838.987618	.41198
839.951972	.31192
840.916326	.23975
841.880679	.22766
842.845033	.28065
843.809386	.37345
844.773740	.47029
845.738093	.54796
846.702447	.60262
847.666801	.64074
848.631154	.66849
849.595508	.68907
850.559861	.70491
851.524215	.71792
852.488569	.7287
853.452922	.73772
854.417276	.74565
855.381629	.75248
856.345983	.75852
857.310336	.76479
858.274690	.77147
859.239044	.77757
860.203397	.78276
861.167751	.78781
862.132104	.79277
863.096458	.79687
864.060812	.80021
865.025165	.80369
865.989519	.80755
866.953872	.81091
867.918226	.8132
868.882580	.81539
869.846933	.81824
870.811287	.82083
871.775640	.82228
872.739994	.82326
873.704347	.82475
874.668701	.82658
875.633055	.82829
876.597408	.8298
877.561762	.83091
878.526115	.83154
879.490469	.8319
880.454823	.83199
881.419176	.83178
882.383530	.83137
883.347883	.83053
884.312237	.82898
885.276590	.82667
886.240944	.82345
887.205298	.81959
888.169651	.81531
889.134005	.80982
890.098358	.80234
891.062712	.79202
892.027066	.7775
892.991419	.75773
893.955773	.73102
894.920126	.69492
895.884480	.65014
896.848834	.60337
897.813187	.56484
898.777541	.54318
899.741894	.5422
900.706248	.56155
901.670601	.59757
902.634955	.64302
903.599309	.68933
904.563662	.73026
905.528016	.7629
906.492369	.78634
907.456723	.80159
908.421077	.81169
909.385430	.81931
910.349784	.82501
911.314137	.82915
912.278491	.83268
913.242844	.83587
914.207198	.83878
915.171552	.84156
916.135905	.84391
917.100259	.84566
918.064612	.84709
919.028966	.84864
919.993320	.85016
920.957673	.85105
921.922027	.85155
922.886380	.85235
923.850734	.85305
924.815087	.85303
925.779441	.85264
926.743795	.85227
927.708148	.85147
928.672502	.84998
929.636855	.84819
930.601209	.84596
931.565563	.84278
932.529916	.83873
933.494270	.83367
934.458623	.82601
935.422977	.81457
936.387331	.80002
937.351684	.784
938.316038	.76884
939.280391	.75771
940.244745	.75297
941.209098	.75476
942.173452	.76184
943.137806	.77197
944.102159	.78205
945.066513	.79018
946.030866	.7961
946.995220	.79988
947.959574	.80188
948.923927	.80284
949.888281	.80288
950.852634	.80184
951.816988	.80004
952.781341	.79757
953.745695	.79386
954.710049	.7888
955.674402	.78283
956.638756	.77624
957.603109	.76864
958.567463	.75913
959.531817	.74724
960.496170	.73344
961.460524	.71784
962.424877	.69934
963.389231	.67653
964.353584	.64828
965.317938	.6129
966.282292	.56813
967.246645	.51144
968.210999	.4411
969.175352	.35903
970.139706	.27379
971.104060	.19941
972.068413	.14852
973.032767	.1259
973.997120	.12941
974.961474	.15549
975.925828	.2016
976.890181	.26442
977.854535	.33799
978.818888	.41374
979.783242	.48299
980.747595	.5404
981.711949	.5849
982.676303	.61751
983.640656	.63979
984.605010	.65347
985.569363	.65965
986.533717	.65909
987.498071	.65244
988.462424	.63907
989.426778	.61777
990.391131	.58762
991.355485	.54685
992.319838	.49351
993.284192	.4279
994.248546	.35386
995.212899	.27975
996.177253	.21827
997.141606	.18194
998.105960	.17772
999.070314	.20579
1000.034667	.2601
1000.999021	.32977
1001.963374	.40271
1002.927728	.46954
1003.892082	.52622
1004.856435	.57313
1005.820789	.61163
1006.785142	.64274
1007.749496	.66805
1008.713849	.68919
1009.678203	.70684
1010.642557	.72168
1011.606910	.73453
1012.571264	.74538
1013.535617	.75415
1014.499971	.76179
1015.464325	.76915
1016.428678	.77606
1017.393032	.78195
1018.357385	.78681
1019.321739	.79118
1020.286092	.79528
1021.250446	.7987
1022.214800	.80111
1023.179153	.80304
1024.143507	.80502
1025.107860	.80672
1026.072214	.80766
1027.036568	.8077
1028.000921	.8071
1028.965275	.80616
1029.929628	.8045
1030.893982	.80156
1031.858335	.79785
1032.822689	.7941
1033.787043	.79001
1034.751396	.78551
1035.715750	.78143
1036.680103	.77814
1037.644457	.7749
1038.608811	.77039
1039.573164	.76357
1040.537518	.75415
1041.501871	.74232
1042.466225	.7294
1043.430579	.71867
1044.394932	.7139
1045.359286	.7167
1046.323639	.72574
1047.287993	.73807
1048.252346	.75036
1049.216700	.76086
1050.181054	.76973
1051.145407	.77732
1052.109761	.78347
1053.074114	.78813
1054.038468	.79188
1055.002822	.79538
1055.967175	.79882
1056.931529	.80185
1057.895882	.80419
1058.860236	.80634
1059.824589	.80861
1060.788943	.81062
1061.753297	.81221
1062.717650	.81363
1063.682004	.81491
1064.646357	.8159
1065.610711	.81658
1066.575065	.81677
1067.539418	.81655
1068.503772	.8166
1069.468125	.81707
1070.432479	.81712
1071.396832	.8163
1072.361186	.81528
1073.325540	.81437
1074.289893	.81314
1075.254247	.81162
1076.218600	.81012
1077.182954	.8085
1078.147308	.80639
1079.111661	.80411
1080.076015	.80226
1081.040368	.80039
1082.004722	.79776
1082.969076	.79477
1083.933429	.7919
1084.897783	.78888
1085.862136	.78561
1086.826490	.78201
1087.790843	.77766
1088.755197	.77276
1089.719551	.76766
1090.683904	.76181
1091.648258	.75478
1092.612611	.74722
1093.576965	.73944
1094.541319	.73049
1095.505672	.71974
1096.470026	.70705
1097.434379	.69201
1098.398733	.6743
1099.363086	.65466
1100.327440	.63527
1101.291794	.61923
1102.256147	.60972
1103.220501	.60934
1104.184854	.6187
1105.149208	.63515
1106.113562	.65457
1107.077915	.67419
1108.042269	.69243
1109.006622	.70812
1109.970976	.72101
1110.935330	.73136
1111.899683	.73955
1112.864037	.74647
1113.828390	.75266
1114.792744	.75778
1115.757097	.76191
1116.721451	.76595
1117.685805	.76998
1118.650158	.77342
1119.614512	.77619
1120.578865	.7787
1121.543219	.7811
1122.507573	.78329
1123.471926	.78511
1124.436280	.78648
1125.400633	.78738
1126.364987	.78762
1127.329340	.78719
1128.293694	.78649
1129.258048	.78537
1130.222401	.7831
1131.186755	.77988
1132.151108	.77624
1133.115462	.77192
1134.079816	.76654
1135.044169	.75989
1136.008523	.75177
1136.972876	.74218
1137.937230	.73103
1138.901583	.71799
1139.865937	.703
1140.830291	.68623
1141.794644	.66763
1142.758998	.64744
1143.723351	.62619
1144.687705	.60391
1145.652059	.58042
1146.616412	.55585
1147.580766	.53057
1148.545119	.50479
1149.509473	.47897
1150.473827	.45497
1151.438180	.4353
1152.402534	.42143
1153.366887	.41274
1154.331241	.40705
1155.295594	.40219
1156.259948	.39636
1157.224302	.3883
1158.188655	.37773
1159.153009	.36445
1160.117362	.348
1161.081716	.32798
1162.046070	.30426
1163.010423	.27729
1163.974777	.2485
1164.939130	.21992
1165.903484	.19431
1166.867837	.17541
1167.832191	.16718
1168.796545	.17309
1169.760898	.19566
1170.725252	.23556
1171.689605	.29034
1172.653959	.35423
1173.618313	.42023
1174.582666	.48279
1175.547020	.53838
1176.511373	.58547
1177.475727	.6242
1178.440080	.65572
1179.404434	.68144
1180.368788	.70226
1181.333141	.71899
1182.297495	.7326
1183.261848	.74356
1184.226202	.75223
1185.190556	.7593
1186.154909	.76498
1187.119263	.7691
1188.083616	.77176
1189.047970	.77322
1190.012324	.77381
1190.976677	.77391
1191.941031	.77365
1192.905384	.77301
1193.869738	.77204
1194.834091	.771
1195.798445	.7701
1196.762799	.76923
1197.727152	.76819
1198.691506	.7669
1199.655859	.76563
1200.620213	.76442
1201.584567	.7628
1202.548920	.76076
1203.513274	.75888
1204.477627	.75714
1205.441981	.75484
1206.406334	.75201
1207.370688	.74897
1208.335042	.74542
1209.299395	.74104
1210.263749	.73576
1211.228102	.72962
1212.192456	.72242
1213.156810	.7139
1214.121163	.70431
1215.085517	.6944
1216.049870	.68511
1217.014224	.67737
1217.978578	.67187
1218.942931	.66924
1219.907285	.6698
1220.871638	.67346
1221.835992	.68007
1222.800345	.68929
1223.764699	.70002
1224.729053	.7107
1225.693406	.72036
1226.657760	.72878
1227.622113	.73564
1228.586467	.7408
1229.550821	.74492
1230.515174	.74856
1231.479528	.7517
1232.443881	.75417
1233.408235	.75604
1234.372588	.75752
1235.336942	.75865
1236.301296	.75932
1237.265649	.75942
1238.230003	.75882
1239.194356	.75745
1240.158710	.75535
1241.123064	.75247
1242.087417	.74893
1243.051771	.74502
1244.016124	.7405
1244.980478	.73487
1245.944831	.72805
1246.909185	.71986
1247.873539	.70978
1248.837892	.69698
1249.802246	.68024
1250.766599	.65792
1251.730953	.62845
1252.695307	.59238
1253.659660	.55485
1254.624014	.52541
1255.588367	.51357
1256.552721	.52311
1257.517075	.54965
1258.481428	.58381
1259.445782	.61721
1260.410135	.64566
1261.374489	.66793
1262.338842	.68449
1263.303196	.69686
1264.267550	.70645
1265.231903	.71403
1266.196257	.72008
1267.160610	.7248
1268.124964	.72832
1269.089318	.73109
1270.053671	.73316
1271.018025	.73424
1271.982378	.73475
1272.946732	.73514
1273.911085	.73499
1274.875439	.73411
1275.839793	.73277
1276.804146	.73079
1277.768500	.72817
1278.732853	.72538
1279.697207	.72246
1280.661561	.71916
1281.625914	.7154
1282.590268	.7111
1283.554621	.70631
1284.518975	.70106
1285.483328	.69515
1286.447682	.68841
1287.412036	.68079
1288.376389	.67196
1289.340743	.66133
1290.305096	.64865
1291.269450	.63409
1292.233804	.618
1293.198157	.60146
1294.162511	.58647
1295.126864	.57499
1296.091218	.568
1297.055572	.56521
1298.019925	.56501
1298.984279	.56453
1299.948632	.55966
1300.912986	.54625
1301.877339	.52315
1302.841693	.49608
1303.806047	.47893
1304.770400	.48654
1305.734754	.5218
1306.699107	.57229
1307.663461	.62147
1308.627815	.65992
1309.592168	.68616
1310.556522	.70246
1311.520875	.7117
1312.485229	.71617
1313.449582	.71725
1314.413936	.71554
1315.378290	.71144
1316.342643	.70562
1317.306997	.69901
1318.271350	.69241
1319.235704	.68598
1320.200058	.67923
1321.164411	.6714
1322.128765	.66164
1323.093118	.64894
1324.057472	.63318
1325.021825	.61583
1325.986179	.59871
1326.950533	.58263
1327.914886	.56805
1328.879240	.55673
1329.843593	.55184
1330.807947	.5557
1331.772301	.56737
1332.736654	.58292
1333.701008	.59818
1334.665361	.61072
1335.629715	.61969
1336.594069	.62513
1337.558422	.62751
1338.522776	.62747
1339.487129	.62542
1340.451483	.62131
1341.415836	.61497
1342.380190	.6063
1343.344544	.59521
1344.308897	.58159
1345.273251	.56527
1346.237604	.54641
1347.201958	.52517
1348.166312	.50147
1349.130665	.47509
1350.095019	.44589
1351.059372	.41347
1352.023726	.37688
1352.988079	.33542
1353.952433	.28981
1354.916787	.24285
1355.881140	.19912
1356.845494	.1636
1357.809847	.14026
1358.774201	.1309
1359.738555	.13471
1360.702908	.14903
1361.667262	.16942
1362.631615	.19049
1363.595969	.20763
1364.560323	.21741
1365.524676	.21788
1366.489030	.20743
1367.453383	.18462
1368.417737	.15054
1369.382090	.11048
1370.346444	.071743
1371.310798	.039853
1372.275151	.017864
1373.239505	.0057049
1374.203858	.0005833
1375.168212	-.0003151
1376.132566	.0004457
1377.096919	.0014449
1378.061273	.0014724
1379.025626	.0010691
1379.989980	.0024411
1380.954333	.0072765
1381.918687	.021324
1382.883041	.049727
1383.847394	.095217
1384.811748	.15406
1385.776101	.21791
1386.740455	.28054
1387.704809	.33875
1388.669162	.38849
1389.633516	.42867
1390.597869	.46156
1391.562223	.48872
1392.526576	.51088
1393.490930	.5289
1394.455284	.54415
1395.419637	.55752
1396.383991	.56884
1397.348344	.57797
1398.312698	.58542
1399.277052	.59209
1400.241405	.59807
1401.205759	.60302
1402.170112	.60717
1403.134466	.6106
1404.098820	.61321
1405.063173	.61532
1406.027527	.61721
1406.991880	.61878
1407.956234	.61976
1408.920587	.62005
1409.884941	.61985
1410.849295	.61955
1411.813648	.619
1412.778002	.61784
1413.742355	.61629
1414.706709	.61447
1415.671063	.61212
1416.635416	.60895
1417.599770	.60493
1418.564123	.60006
1419.528477	.5952
1420.492830	.59115
1421.457184	.58636
1422.421538	.57951
1423.385891	.57052
1424.350245	.55968
1425.314598	.54697
1426.278952	.53139
1427.243306	.51164
1428.207659	.48669
1429.172013	.45466
1430.136366	.41269
1431.100720	.35986
1432.065073	.29737
1433.029427	.23106
1433.993781	.17361
1434.958134	.13551
1435.922488	.11764
1436.886841	.11539
1437.851195	.12071
1438.815549	.12524
1439.779902	.12456
1440.744256	.11751
1441.708609	.10489
1442.672963	.08864
1443.637317	.07054
1444.601670	.052319
1445.566024	.035931
1446.530377	.022744
1447.494731	.013277
1448.459084	.0071057
1449.423438	.003735
1450.387792	.0023035
1451.352145	.0017455
1452.316499	.0015022
1453.280852	.0012737
1454.245206	.0012402
1455.209560	.001416
1456.173913	.00164
1457.138267	.001784
1458.102620	.0016533
1459.066974	.0014473
1460.031327	.0013388
1460.995681	.0015489
1461.960035	.0017862
1462.924388	.0017429
1463.888742	.0017692
1464.853095	.0026948
1465.817449	.0048462
1466.781803	.008524
1467.746156	.014996
1468.710510	.025972
1469.674863	.042721
1470.639217	.065781
1471.603571	.096387
1472.567924	.13463
1473.532278	.17732
1474.496631	.21995
1475.460985	.26126
1476.425338	.30293
1477.389692	.34286
1478.354046	.379
1479.318399	.41218
1480.282753	.44269
1481.247106	.47091
1482.211460	.4968
1483.175814	.52025
1484.140167	.54145
1485.104521	.56075
1486.068874	.57829
1487.033228	.59452
1487.997581	.60959
1488.961935	.623
1489.926289	.63571
1490.890642	.64842
1491.854996	.66032
1492.819349	.67097
1493.783703	.68059
1494.748057	.68885
1495.712410	.69631
1496.676764	.70464
1497.641117	.71291
1498.605471	.72023
1499.569824	.72769
1500.534178	.73524
1501.498532	.74202
1502.462885	.74778
1503.427239	.75257
1504.391592	.75584
1505.355946	.75773
1506.320300	.76043
1507.284653	.76572
1508.249007	.77195
1509.213360	.77723
1510.177714	.78177
1511.142068	.78562
1512.106421	.78876
1513.070775	.79172
1514.035128	.79444
1514.999482	.79627
1515.963835	.79698
1516.928189	.79784
1517.892543	.80019
1518.856896	.80238
1519.821250	.80233
1520.785603	.80152
1521.749957	.80253
1522.714311	.80496
1523.678664	.80697
1524.643018	.80789
1525.607371	.80848
1526.571725	.80939
1527.536078	.81025
1528.500432	.81106
1529.464786	.81195
1530.429139	.81257
1531.393493	.8126
1532.357846	.81183
1533.322200	.81096
1534.286554	.81157
1535.250907	.81307
1536.215261	.81374
1537.179614	.81293
1538.143968	.8104
1539.108321	.80767
1540.072675	.80756
1541.037029	.80923
1542.001382	.81116
1542.965736	.81375
1543.930089	.81597
1544.894443	.81755
1545.858797	.81994
1546.823150	.82272
1547.787504	.82465
1548.751857	.82564
1549.716211	.82627
1550.680565	.82737
1551.644918	.82876
1552.609272	.82923
1553.573625	.82863
1554.537979	.82896
1555.502332	.83048
1556.466686	.83017
1557.431040	.82731
1558.395393	.82495
1559.359747	.82544
1560.324100	.82871
1561.288454	.83313
1562.252808	.83619
1563.217161	.83736
1564.181515	.83784
1565.145868	.83872
1566.110222	.83979
1567.074575	.83997
1568.038929	.83895
1569.003283	.83757
1569.967636	.83756
1570.931990	.83892
1571.896343	.83983
1572.860697	.83967
1573.825051	.83868
1574.789404	.8364
1575.753758	.83344
1576.718111	.83287
1577.682465	.83467
1578.646819	.83596
1579.611172	.83622
1580.575526	.83602
1581.539879	.83576
1582.504233	.83575
1583.468586	.83577
1584.432940	.83555
1585.397294	.83536
1586.361647	.83543
1587.326001	.8355
1588.290354	.83534
1589.254708	.83512
1590.219062	.83515
1591.183415	.83542
1592.147769	.83554
1593.112122	.83533
1594.076476	.83503
1595.040829	.83504
1596.005183	.83546
1596.969537	.83602
1597.933890	.8365
1598.898244	.83691
1599.862597	.83733
1600.826951	.83769
1601.791305	.83792
1602.755658	.83818
1603.720012	.83859
1604.684365	.83885
1605.648719	.83877
1606.613072	.83855
1607.577426	.83842
1608.541780	.83849
1609.506133	.83877
1610.470487	.83906
1611.434840	.83916
1612.399194	.83907
1613.363548	.83873
1614.327901	.83796
1615.292255	.83616
1616.256608	.8336
1617.220962	.83291
1618.185316	.83404
1619.149669	.83417
1620.114023	.8331
1621.078376	.83169
1622.042730	.82965
1623.007083	.82715
1623.971437	.82545
1624.935791	.82463
1625.900144	.82332
1626.864498	.82116
1627.828851	.81917
1628.793205	.81814
1629.757559	.81743
1630.721912	.81653
1631.686266	.81565
1632.650619	.81458
1633.614973	.81239
1634.579326	.80873
1635.543680	.80596
1636.508034	.80615
1637.472387	.80698
1638.436741	.80693
1639.401094	.80626
1640.365448	.80487
1641.329802	.80287
1642.294155	.80059
1643.258509	.79802
1644.222862	.79493
1645.187216	.79157
1646.151569	.78996
1647.115923	.79183
1648.080277	.79599
1649.044630	.80084
1650.008984	.80494
1650.973337	.80645
1651.937691	.80493
1652.902045	.80421
1653.866398	.80868
1654.830752	.81497
1655.795105	.81959
1656.759459	.8225
1657.723813	.82461
1658.688166	.82633
1659.652520	.82771
1660.616873	.82874
1661.581227	.82902
1662.545580	.82928
1663.509934	.83082
1664.474288	.83293
1665.438641	.83414
1666.402995	.83425
1667.367348	.83348
1668.331702	.8322
1669.296056	.83146
1670.260409	.83189
1671.224763	.83268
1672.189116	.83329
1673.153470	.83322
1674.117823	.83168
1675.082177	.82979
1676.046531	.82984
1677.010884	.8308
1677.975238	.83065
1678.939591	.82934
1679.903945	.82784
1680.868299	.82684
1681.832652	.82534
1682.797006	.82204
1683.761359	.81803
1684.725713	.81649
1685.690067	.81804
1686.654420	.81918
1687.618774	.81839
1688.583127	.81681
1689.547481	.8155
1690.511834	.81468
1691.476188	.81405
1692.440542	.81314
1693.404895	.81145
1694.369249	.80841
1695.333602	.8048
1696.297956	.80359
1697.262310	.80435
1698.226663	.80325
1699.191017	.799
1700.155370	.79459
1701.119724	.79461
1702.084077	.79643
1703.048431	.79608
1704.012785	.79423
1704.977138	.79255
1705.941492	.79131
1706.905845	.79045
1707.870199	.78981
1708.834553	.78883
1709.798906	.7877
1710.763260	.78733
1711.727613	.78786
1712.691967	.78905
1713.656320	.79112
1714.620674	.79479
1715.585028	.79993
1716.549381	.8053
1717.513735	.81111
1718.478088	.81832
1719.442442	.82573
1720.406796	.83166
1721.371149	.83586
1722.335503	.83894
1723.299856	.84134
1724.264210	.8432
1725.228564	.84462
1726.192917	.84556
1727.157271	.84603
1728.121624	.84609
1729.085978	.84583
1730.050331	.84561
1731.014685	.84558
1731.979039	.84483
1732.943392	.84258
1733.907746	.84062
1734.872099	.84202
1735.836453	.84516
1736.800807	.84676
1737.765160	.84651
1738.729514	.84524
1739.693867	.84415
1740.658221	.84465
1741.622574	.84585
1742.586928	.84653
1743.551282	.84745
1744.515635	.84913
1745.479989	.85074
1746.444342	.8518
1747.408696	.85238
1748.373050	.85281
1749.337403	.85333
1750.301757	.85348
1751.266110	.85366
1752.230464	.85502
1753.194817	.85678
1754.159171	.85775
1755.123525	.85785
1756.087878	.85754
1757.052232	.85786
1758.016585	.85901
1758.980939	.86005
1759.945293	.86033
1760.909646	.86
1761.874000	.86021
1762.838353	.86183
1763.802707	.86371
1764.767061	.86497
1765.731414	.8658
1766.695768	.86603
1767.660121	.86579
1768.624475	.86636
1769.588828	.86765
1770.553182	.86796
1771.517536	.86703
1772.481889	.867
1773.446243	.86911
1774.410596	.87116
1775.374950	.87152
1776.339304	.8712
1777.303657	.871
1778.268011	.87054
1779.232364	.86934
1780.196718	.86751
1781.161071	.86603
1782.125425	.86564
1783.089779	.86594
1784.054132	.86654
1785.018486	.86794
1785.982839	.8702
1786.947193	.87237
1787.911547	.87411
1788.875900	.87554
1789.840254	.87637
1790.804607	.87648
1791.768961	.87619
1792.733315	.87656
1793.697668	.87816
1794.662022	.87969
1795.626375	.88019
1796.590729	.88017
1797.555082	.88015
1798.519436	.87999
1799.483790	.87976
1800.448143	.87975
1801.412497	.87986
1802.376850	.88001
1803.341204	.88047
1804.305558	.88108
1805.269911	.88141
1806.234265	.88145
1807.198618	.88156
1808.162972	.88177
1809.127325	.88176
1810.091679	.88162
1811.056033	.88177
1812.020386	.88203
1812.984740	.88197
1813.949093	.88168
1814.913447	.88146
1815.877801	.88126
1816.842154	.88099
1817.806508	.88088
1818.770861	.88079
1819.735215	.88037
1820.699568	.87988
1821.663922	.87944
1822.628276	.87884
1823.592629	.87782
1824.556983	.87636
1825.521336	.87527
1826.485690	.87482
1827.450044	.87428
1828.414397	.8731
1829.378751	.87152
1830.343104	.8707
1831.307458	.8711
1832.271812	.87169
1833.236165	.87189
1834.200519	.87189
1835.164872	.87185
1836.129226	.87193
1837.093579	.87239
1838.057933	.8733
1839.022287	.87417
1839.986640	.87454
1840.950994	.87463
1841.915347	.87471
1842.879701	.87434
1843.844055	.87361
1844.808408	.87412
1845.772762	.87581
1846.737115	.87686
1847.701469	.87698
1848.665822	.87715
1849.630176	.8776
1850.594530	.87779
1851.558883	.87786
1852.523237	.87821
1853.487590	.87858
1854.451944	.87881
1855.416298	.87929
1856.380651	.88008
1857.345005	.88076
1858.309358	.88118
1859.273712	.88157
1860.238065	.8821
1861.202419	.88277
1862.166773	.88333
1863.131126	.88353
1864.095480	.88354
1865.059833	.88376
1866.024187	.8841
1866.988541	.88405
1867.952894	.88349
1868.917248	.88309
1869.881601	.88364
1870.845955	.88468
1871.810309	.88535
1872.774662	.8855
1873.739016	.88527
1874.703369	.88496
1875.667723	.88495
1876.632076	.88504
1877.596430	.88484
1878.560784	.88445
1879.525137	.88391
1880.489491	.88326
1881.453844	.88277
1882.418198	.8824
1883.382552	.88176
1884.346905	.88084
1885.311259	.87987
1886.275612	.87885
1887.239966	.87768
1888.204319	.87609
1889.168673	.87418
1890.133027	.8728
1891.097380	.87223
1892.061734	.87185
1893.026087	.87153
1893.990441	.87157
1894.954795	.87202
1895.919148	.87277
1896.883502	.87352
1897.847855	.87413
1898.812209	.87486
1899.776562	.87582
1900.740916	.87667
1901.705270	.87735
1902.669623	.87803
1903.633977	.87853
1904.598330	.8788
1905.562684	.87919
1906.527038	.87963
1907.491391	.87999
1908.455745	.88044
1909.420098	.88097
1910.384452	.88144
1911.348806	.88189
1912.313159	.8824
1913.277513	.88293
1914.241866	.88341
1915.206220	.88394
1916.170573	.88428
1917.134927	.88412
1918.099281	.88419
1919.063634	.88516
1920.027988	.88627
1920.992341	.88678
1921.956695	.8868
1922.921049	.88693
1923.885402	.88749
1924.849756	.88813
1925.814109	.8886
1926.778463	.88911
1927.742816	.88963
1928.707170	.88984
1929.671524	.88969
1930.635877	.88964
1931.600231	.88994
1932.564584	.89008
1933.528938	.88977
1934.493292	.88936
1935.457645	.88913
1936.421999	.88896
1937.386352	.88871
1938.350706	.88833
1939.315060	.88786
1940.279413	.88736
1941.243767	.88677
1942.208120	.88616
1943.172474	.88595
1944.136827	.88608
1945.101181	.88605
1946.065535	.88578
1947.029888	.88553
1947.994242	.88531
1948.958595	.88508
1949.922949	.88495
1950.887303	.88491
1951.851656	.88483
1952.816010	.8848
1953.780363	.88492
1954.744717	.88505
1955.709070	.88521
1956.673424	.88569
1957.637778	.88626
1958.602131	.88667
1959.566485	.88723
1960.530838	.88797
1961.495192	.88851
1962.459546	.8889
1963.423899	.88956
1964.388253	.89061
1965.352606	.89166
1966.316960	.8924
1967.281313	.89298
1968.245667	.89369
1969.210021	.89446
1970.174374	.89506
1971.138728	.89557
1972.103081	.89608
1973.067435	.89649
1974.031789	.89685
1974.996142	.89728
1975.960496	.89756
1976.924849	.89765
1977.889203	.8978
1978.853557	.89786
1979.817910	.89768
1980.782264	.89745
1981.746617	.8972
1982.710971	.89678
1983.675324	.89622
1984.639678	.89558
1985.604032	.89486
1986.568385	.8942
1987.532739	.89359
1988.497092	.89289
1989.461446	.89215
1990.425800	.89136
1991.390153	.89055
1992.354507	.88992
1993.318860	.88945
1994.283214	.88892
1995.247567	.8884
1996.211921	.88798
1997.176275	.88756
1998.140628	.88721
1999.104982	.88694
2000.069335	.88654
2001.033689	.88623
2001.998043	.88633
2002.962396	.88647
2003.926750	.88635
2004.891103	.88636
2005.855457	.8867
2006.819810	.88688
2007.784164	.88675
2008.748518	.88685
2009.712871	.88726
2010.677225	.88758
2011.641578	.88795
2012.605932	.88848
2013.570286	.88882
2014.534639	.88905
2015.498993	.88959
2016.463346	.89045
2017.427700	.8914
2018.392054	.8922
2019.356407	.89293
2020.320761	.89371
2021.285114	.89426
2022.249468	.89451
2023.213821	.89479
2024.178175	.8953
2025.142529	.89583
2026.106882	.89605
2027.071236	.89605
2028.035589	.89631
2028.999943	.89685
2029.964297	.89718
2030.928650	.89718
2031.893004	.89717
2032.857357	.89744
2033.821711	.89784
2034.786064	.89808
2035.750418	.89801
2036.714772	.89777
2037.679125	.89753
2038.643479	.89727
2039.607832	.89685
2040.572186	.89626
2041.536540	.89552
2042.500893	.89472
2043.465247	.89406
2044.429600	.89343
2045.393954	.89254
2046.358308	.89152
2047.322661	.89073
2048.287015	.89011
2049.251368	.88932
2050.215722	.88846
2051.180075	.88792
2052.144429	.88764
2053.108783	.88724
2054.073136	.88665
2055.037490	.88619
2056.001843	.88606
2056.966197	.8861
2057.930551	.88609
2058.894904	.88606
2059.859258	.88602
2060.823611	.88609
2061.787965	.88641
2062.752318	.88667
2063.716672	.88667
2064.681026	.8868
2065.645379	.88713
2066.609733	.88744
2067.574086	.88774
2068.538440	.88815
2069.502794	.88862
2070.467147	.88902
2071.431501	.88934
2072.395854	.88966
2073.360208	.89009
2074.324561	.89046
2075.288915	.89066
2076.253269	.89083
2077.217622	.89106
2078.181976	.89122
2079.146329	.89126
2080.110683	.89129
2081.075037	.89124
2082.039390	.89081
2083.003744	.89006
2083.968097	.88948
2084.932451	.88913
2085.896805	.88881
2086.861158	.88865
2087.825512	.88856
2088.789865	.88819
2089.754219	.88755
2090.718572	.88705
2091.682926	.88679
2092.647280	.88644
2093.611633	.88597
2094.575987	.88549
2095.540340	.88491
2096.504694	.88408
2097.469048	.88311
2098.433401	.88215
2099.397755	.8813
2100.362108	.88065
2101.326462	.88005
2102.290815	.87921
2103.255169	.87821
2104.219523	.87737
2105.183876	.87674
2106.148230	.87615
2107.112583	.8755
2108.076937	.87472
2109.041291	.87387
2110.005644	.87312
2110.969998	.87243
2111.934351	.87172
2112.898705	.87102
2113.863058	.87028
2114.827412	.86947
2115.791766	.8688
2116.756119	.86826
2117.720473	.86764
2118.684826	.86681
2119.649180	.86581
2120.613534	.86474
2121.577887	.86362
2122.542241	.86238
2123.506594	.86096
2124.470948	.85946
2125.435302	.85807
2126.399655	.85681
2127.364009	.85567
2128.328362	.85491
2129.292716	.85455
2130.257069	.85437
2131.221423	.85451
2132.185777	.85507
2133.150130	.85585
2134.114484	.85685
2135.078837	.85819
2136.043191	.85986
2137.007545	.86171
2137.971898	.86353
2138.936252	.86514
2139.900605	.86657
2140.864959	.86785
2141.829312	.869
2142.793666	.86993
2143.758020	.87055
2144.722373	.87088
2145.686727	.87085
2146.651080	.87029
2147.615434	.8693
2148.579788	.86829
2149.544141	.86735
2150.508495	.86609
2151.472848	.86439
2152.437202	.8626
2153.401556	.86101
2154.365909	.85956
2155.330263	.85806
2156.294616	.85658
2157.258970	.85533
2158.223323	.85411
2159.187677	.85276
2160.152031	.85139
2161.116384	.84989
2162.080738	.84806
2163.045091	.84614
2164.009445	.84443
2164.973799	.84282
2165.938152	.84103
2166.902506	.83927
2167.866859	.83785
2168.831213	.83683
2169.795566	.83621
2170.759920	.83587
2171.724274	.83566
2172.688627	.8356
2173.652981	.8359
2174.617334	.83647
2175.581688	.83708
2176.546042	.8378
2177.510395	.83868
2178.474749	.8396
2179.439102	.84051
2180.403456	.84143
2181.367809	.84225
2182.332163	.84295
2183.296517	.84368
2184.260870	.84455
2185.225224	.84549
2186.189577	.84647
2187.153931	.84755
2188.118285	.84866
2189.082638	.8497
2190.046992	.85061
2191.011345	.85131
2191.975699	.85186
2192.940053	.85245
2193.904406	.85312
2194.868760	.85366
2195.833113	.85402
2196.797467	.85444
2197.761820	.8548
2198.726174	.85486
2199.690528	.85486
2200.654881	.85498
2201.619235	.85514
2202.583588	.85534
2203.547942	.8556
2204.512296	.85591
2205.476649	.85615
2206.441003	.85618
2207.405356	.85596
2208.369710	.8556
2209.334063	.85525
2210.298417	.85487
2211.262771	.85443
2212.227124	.85401
2213.191478	.85354
2214.155831	.85305
2215.120185	.85258
2216.084539	.85193
2217.048892	.85121
2218.013246	.85083
2218.977599	.85055
2219.941953	.84989
2220.906306	.84906
2221.870660	.84839
2222.835014	.8478
2223.799367	.84721
2224.763721	.84655
2225.728074	.84564
2226.692428	.84465
2227.656782	.84391
2228.621135	.84347
2229.585489	.84331
2230.549842	.84345
2231.514196	.84391
2232.478550	.84476
2233.442903	.84582
2234.407257	.84697
2235.371610	.84829
2236.335964	.84966
2237.300317	.85079
2238.264671	.85177
2239.229025	.85263
2240.193378	.85311
2241.157732	.85342
2242.122085	.85383
2243.086439	.854
2244.050793	.85388
2245.015146	.85384
2245.979500	.85361
2246.943853	.85274
2247.908207	.85155
2248.872560	.85032
2249.836914	.84887
2250.801268	.8473
2251.765621	.84589
2252.729975	.84469
2253.694328	.84365
2254.658682	.84287
2255.623036	.8423
2256.587389	.84183
2257.551743	.84156
2258.516096	.84161
2259.480450	.84181
2260.444804	.84189
2261.409157	.84207
2262.373511	.84252
2263.337864	.84275
2264.302218	.8425
2265.266571	.84202
2266.230925	.84151
2267.195279	.84099
2268.159632	.84043
2269.123986	.84009
2270.088339	.84015
2271.052693	.8404
2272.017047	.84076
2272.981400	.84129
2273.945754	.84196
2274.910107	.84281
2275.874461	.8437
2276.838814	.84446
2277.803168	.84517
2278.767522	.84599
2279.731875	.84701
2280.696229	.84803
2281.660582	.84872
2282.624936	.84922
2283.589290	.84967
2284.553643	.84996
2285.517997	.85005
2286.482350	.85004
2287.446704	.85
2288.411057	.84996
2289.375411	.85004
2290.339765	.85018
2291.304118	.85018
2292.268472	.85016
2293.232825	.85035
2294.197179	.85048
2295.161533	.85029
2296.125886	.85019
2297.090240	.8502
2298.054593	.8501
2299.018947	.85009
2299.983301	.8502
2300.947654	.85019
2301.912008	.85002
2302.876361	.84986
2303.840715	.84967
2304.805068	.8493
2305.769422	.84871
2306.733776	.84797
2307.698129	.84709
2308.662483	.84579
2309.626836	.84406
2310.591190	.84221
2311.555544	.84061
2312.519897	.83921
2313.484251	.8377
2314.448604	.83592
2315.412958	.83383
2316.377311	.83164
2317.341665	.82914
2318.306019	.826
2319.270372	.82273
2320.234726	.81961
2321.199079	.81667
2322.163433	.81396
2323.127787	.81156
2324.092140	.80965
2325.056494	.80783
2326.020847	.80578
2326.985201	.80355
2327.949554	.80094
2328.913908	.79816
2329.878262	.79607
2330.842615	.79468
2331.806969	.79359
2332.771322	.79272
2333.735676	.79196
2334.700030	.79114
2335.664383	.79013
2336.628737	.78928
2337.593090	.78892
2338.557444	.78861
2339.521798	.78803
2340.486151	.7875
2341.450505	.78717
2342.414858	.78648
2343.379212	.78563
2344.343565	.78571
2345.307919	.78718
2346.272273	.79025
2347.236626	.79526
2348.200980	.80021
2349.165333	.80112
2350.129687	.79679
2351.094041	.79011
2352.058394	.78433
2353.022748	.77977
2353.987101	.7755
2354.951455	.77187
2355.915808	.76945
2356.880162	.76761
2357.844516	.76565
2358.808869	.76392
2359.773223	.76308
2360.737576	.76286
2361.701930	.76288
2362.666284	.76355
2363.630637	.76485
2364.594991	.76616
2365.559344	.76768
2366.523698	.76975
2367.488052	.77196
2368.452405	.77416
2369.416759	.77645
2370.381112	.77861
2371.345466	.78054
2372.309819	.78245
2373.274173	.78461
2374.238527	.78696
2375.202880	.78951
2376.167234	.79241
2377.131587	.79545
2378.095941	.79846
2379.060295	.80149
2380.024648	.80442
2380.989002	.80691
2381.953355	.80873
2382.917709	.81006
2383.882062	.81126
2384.846416	.81214
2385.810770	.81254
2386.775123	.81271
2387.739477	.81273
2388.703830	.81254
2389.668184	.81215
2390.632538	.81151
2391.596891	.81079
2392.561245	.81024
2393.525598	.80962
2394.489952	.80892
2395.454305	.80843
2396.418659	.80803
2397.383013	.80774
2398.347366	.80779
2399.311720	.8079
2400.276073	.80795
2401.240427	.80831
2402.204781	.80895
2403.169134	.80964
2404.133488	.81052
2405.097841	.81141
2406.062195	.81202
2407.026549	.81259
2407.990902	.81317
2408.955256	.81359
2409.919609	.81407
2410.883963	.81476
2411.848316	.81517
2412.812670	.81495
2413.777024	.81456
2414.741377	.81433
2415.705731	.814
2416.670084	.81327
2417.634438	.81205
2418.598792	.81055
2419.563145	.80911
2420.527499	.8076
2421.491852	.80589
2422.456206	.80416
2423.420559	.80256
2424.384913	.80108
2425.349267	.7997
2426.313620	.79858
2427.277974	.79788
2428.242327	.79738
2429.206681	.79708
2430.171035	.79723
2431.135388	.79783
2432.099742	.79874
2433.064095	.79992
2434.028449	.80146
2434.992802	.8033
2435.957156	.8053
2436.921510	.80736
2437.885863	.80941
2438.850217	.81138
2439.814570	.81308
2440.778924	.81433
2441.743278	.81531
2442.707631	.81628
2443.671985	.81721
2444.636338	.81805
2445.600692	.81886
2446.565046	.81969
2447.529399	.82051
2448.493753	.82123
2449.458106	.82182
2450.422460	.82252
2451.386813	.82341
2452.351167	.82416
2453.315521	.82458
2454.279874	.82488
2455.244228	.82537
2456.208581	.82601
2457.172935	.82664
2458.137289	.82743
2459.101642	.82837
2460.065996	.82908
2461.030349	.82947
2461.994703	.82987
2462.959056	.83043
2463.923410	.83097
2464.887764	.83135
2465.852117	.83158
2466.816471	.83168
2467.780824	.83156
2468.745178	.83119
2469.709532	.83062
2470.673885	.82995
2471.638239	.82919
2472.602592	.82832
2473.566946	.82739
2474.531300	.82638
2475.495653	.82532
2476.460007	.8243
2477.424360	.82328
2478.388714	.82221
2479.353067	.82119
2480.317421	.82049
2481.281775	.81987
2482.246128	.81906
2483.210482	.81839
2484.174835	.81806
2485.139189	.81774
2486.103543	.81728
2487.067896	.81679
2488.032250	.81634
2488.996603	.81592
2489.960957	.81558
2490.925310	.81554
2491.889664	.81573
2492.854018	.81587
2493.818371	.81609
2494.782725	.81653
2495.747078	.81718
2496.711432	.81817
2497.675786	.81944
2498.640139	.82054
2499.604493	.82126
2500.568846	.82182
2501.533200	.82234
2502.497553	.82276
2503.461907	.82299
2504.426261	.82296
2505.390614	.82272
2506.354968	.82237
2507.319321	.82195
2508.283675	.82152
2509.248029	.82112
2510.212382	.82059
2511.176736	.8199
2512.141089	.81914
2513.105443	.81821
2514.069797	.81694
2515.034150	.8155
2515.998504	.81396
2516.962857	.81215
2517.927211	.81018
2518.891564	.80802
2519.855918	.80541
2520.820272	.80267
2521.784625	.80022
2522.748979	.79789
2523.713332	.79548
2524.677686	.79318
2525.642040	.79114
2526.606393	.78934
2527.570747	.78758
2528.535100	.78569
2529.499454	.78402
2530.463807	.78273
2531.428161	.78134
2532.392515	.77982
2533.356868	.77854
2534.321222	.77735
2535.285575	.77608
2536.249929	.77487
2537.214283	.77379
2538.178636	.77273
2539.142990	.77176
2540.107343	.77094
2541.071697	.76998
2542.036050	.76884
2543.000404	.76762
2543.964758	.76597
2544.929111	.76386
2545.893465	.76159
2546.857818	.75921
2547.822172	.75674
2548.786526	.75417
2549.750879	.75148
2550.715233	.74889
2551.679586	.7466
2552.643940	.7446
2553.608294	.74297
2554.572647	.7418
2555.537001	.7407
2556.501354	.73939
2557.465708	.73812
2558.430061	.73715
2559.394415	.73634
2560.358769	.73547
2561.323122	.73439
2562.287476	.733
2563.251829	.73121
2564.216183	.72892
2565.180537	.72622
2566.144890	.72306
2567.109244	.71919
2568.073597	.715
2569.037951	.71075
2570.002304	.70594
2570.966658	.70034
2571.931012	.69436
2572.895365	.68825
2573.859719	.68187
2574.824072	.67516
2575.788426	.66834
2576.752780	.66155
2577.717133	.65495
2578.681487	.64899
2579.645840	.6442
2580.610194	.64086
2581.574547	.63912
2582.538901	.63928
2583.503255	.64157
2584.467608	.64582
2585.431962	.65146
2586.396315	.65787
2587.360669	.66442
2588.325023	.67064
2589.289376	.67644
2590.253730	.68186
2591.218083	.68677
2592.182437	.69099
2593.146791	.69448
2594.111144	.69751
2595.075498	.70023
2596.039851	.70255
2597.004205	.70424
2597.968558	.70528
2598.932912	.70582
2599.897266	.70589
2600.861619	.70536
2601.825973	.70413
2602.790326	.70211
2603.754680	.69948
2604.719034	.69648
2605.683387	.6929
2606.647741	.68858
2607.612094	.68395
2608.576448	.67941
2609.540801	.67508
2610.505155	.67105
2611.469509	.6675
2612.433862	.66473
2613.398216	.66295
2614.362569	.66199
2615.326923	.66148
2616.291277	.66133
2617.255630	.66157
2618.219984	.66209
2619.184337	.66267
2620.148691	.66322
2621.113045	.66405
2622.077398	.66537
2623.041752	.66699
2624.006105	.66883
2624.970459	.67079
2625.934812	.67286
2626.899166	.67529
2627.863520	.67795
2628.827873	.68025
2629.792227	.68204
2630.756580	.68367
2631.720934	.68527
2632.685288	.68669
2633.649641	.68767
2634.613995	.68808
2635.578348	.68798
2636.542702	.68729
2637.507055	.68594
2638.471409	.68398
2639.435763	.68136
2640.400116	.67831
2641.364470	.67536
2642.328823	.67273
2643.293177	.67024
2644.257531	.66805
2645.221884	.66635
2646.186238	.66505
2647.150591	.66391
2648.114945	.66251
2649.079298	.66065
2650.043652	.65838
2651.008006	.65562
2651.972359	.65231
2652.936713	.6489
2653.901066	.64566
2654.865420	.64233
2655.829774	.63884
2656.794127	.63562
2657.758481	.63308
2658.722834	.63148
2659.687188	.63066
2660.651542	.63036
2661.615895	.63072
2662.580249	.63185
2663.544602	.63327
2664.508956	.63458
2665.473309	.63587
2666.437663	.63705
2667.402017	.63761
2668.366370	.63738
2669.330724	.63664
2670.295077	.63546
2671.259431	.63378
2672.223785	.63164
2673.188138	.62917
2674.152492	.62674
2675.116845	.62473
2676.081199	.62316
2677.045552	.62198
2678.009906	.62116
2678.974260	.62074
2679.938613	.62113
2680.902967	.62223
2681.867320	.62326
2682.831674	.62375
2683.796028	.62368
2684.760381	.62317
2685.724735	.62269
2686.689088	.62247
2687.653442	.6221
2688.617795	.6215
2689.582149	.62123
2690.546503	.62152
2691.510856	.62216
2692.475210	.62295
2693.439563	.62356
2694.403917	.62376
2695.368271	.62362
2696.332624	.62313
2697.296978	.62197
2698.261331	.61992
2699.225685	.61697
2700.190039	.61328
2701.154392	.60919
2702.118746	.60474
2703.083099	.59977
2704.047453	.59422
2705.011806	.58828
2705.976160	.58219
2706.940514	.57585
2707.904867	.56904
2708.869221	.562
2709.833574	.55487
2710.797928	.54714
2711.762282	.53833
2712.726635	.52847
2713.690989	.51785
2714.655342	.50659
2715.619696	.49429
2716.584049	.48049
2717.548403	.46528
2718.512757	.44902
2719.477110	.43256
2720.441464	.41766
2721.405817	.40658
2722.370171	.40103
2723.334525	.4016
2724.298878	.40798
2725.263232	.41896
2726.227585	.43263
2727.191939	.44719
2728.156293	.46126
2729.120646	.47397
2730.085000	.4851
2731.049353	.49465
2732.013707	.50284
2732.978060	.51014
2733.942414	.51694
2734.906768	.52355
2735.871121	.53036
2736.835475	.53771
2737.799828	.54556
2738.764182	.55357
2739.728536	.56151
2740.692889	.56942
2741.657243	.57727
2742.621596	.58449
2743.585950	.59039
2744.550303	.59512
2745.514657	.5992
2746.479011	.60272
2747.443364	.60554
2748.407718	.60768
2749.372071	.60944
2750.336425	.61101
2751.300779	.61225
2752.265132	.61296
2753.229486	.61318
2754.193839	.61314
2755.158193	.61282
2756.122546	.61193
2757.086900	.61054
2758.051254	.60892
2759.015607	.6068
2759.979961	.60402
2760.944314	.60118
2761.908668	.59871
2762.873022	.59631
2763.837375	.59371
2764.801729	.59125
2765.766082	.58922
2766.730436	.58733
2767.694790	.58531
2768.659143	.58344
2769.623497	.58189
2770.587850	.58021
2771.552204	.57784
2772.516557	.57469
2773.480911	.57106
2774.445265	.56712
2775.409618	.56264
2776.373972	.55721
2777.338325	.55078
2778.302679	.5439
2779.267033	.53687
2780.231386	.52945
2781.195740	.52141
2782.160093	.51264
2783.124447	.50308
2784.088800	.49272
2785.053154	.48165
2786.017508	.46988
2786.981861	.45711
2787.946215	.44344
2788.910568	.42943
2789.874922	.41555
2790.839276	.40233
2791.803629	.39028
2792.767983	.37962
2793.732336	.3705
2794.696690	.36298
2795.661043	.35698
2796.625397	.3521
2797.589751	.34738
2798.554104	.34185
2799.518458	.33486
2800.482811	.32583
2801.447165	.31427
2802.411519	.30032
2803.375872	.28487
2804.340226	.26893
2805.304579	.25349
2806.268933	.23955
2807.233287	.22749
2808.197640	.21712
2809.161994	.20839
2810.126347	.20099
2811.090701	.19414
2812.055054	.18726
2813.019408	.18031
2813.983762	.17334
2814.948115	.16607
2815.912469	.1581
2816.876822	.14942
2817.841176	.14011
2818.805530	.13004
2819.769883	.11927
2820.734237	.10797
2821.698590	.096284
2822.662944	.084241
2823.627297	.07206
2824.591651	.060065
2825.556005	.048398
2826.520358	.037313
2827.484712	.027183
2828.449065	.018379
2829.413419	.011474
2830.377773	.0067713
2831.342126	.0038621
2832.306480	.0022547
2833.270833	.0016023
2834.235187	.0015293
2835.199541	.0016854
2836.163894	.0017537
2837.128248	.0015832
2838.092601	.0013469
2839.056955	.0013013
2840.021308	.0012554
2840.985662	.001061
2841.950016	.001031
2842.914369	.0013825
2843.878723	.0018007
2844.843076	.0019988
2845.807430	.0022092
2846.771784	.0028694
2847.736137	.0041404
2848.700491	.0060488
2849.664844	.0084115
2850.629198	.010817
2851.593551	.013128
2852.557905	.015346
2853.522259	.017178
2854.486612	.018238
2855.450966	.018001
2856.415319	.016147
2857.379673	.013214
2858.344027	.010016
2859.308380	.0069589
2860.272734	.004311
2861.237087	.0024108
2862.201441	.0013872
2863.165794	.0009956
2864.130148	.0008042
2865.094502	.000643
2866.058855	.0006225
2867.023209	.000636
2867.987562	.0004707
2868.951916	.0002084
2869.916270	.0002147
2870.880623	.0003395
2871.844977	.0005308
2872.809330	.0005822
2873.773684	.0005356
2874.738038	.0004906
2875.702391	.0005368
2876.666745	.0006617
2877.631098	.0006232
2878.595452	.0003752
2879.559805	.0003038
2880.524159	.0004138
2881.488513	.0003668
2882.452866	.0002766
2883.417220	.0003729
2884.381573	.0003716
2885.345927	.0002727
2886.310281	.0003373
2887.274634	.000404
2888.238988	.000412
2889.203341	.0004829
2890.167695	.0006028
2891.132048	.0005969
2892.096402	.0003957
2893.060756	.0001228
2894.025109	-.0000796
2894.989463	.0000558
2895.953816	.0004002
2896.918170	.0005536
2897.882524	.0004383
2898.846877	.0003732
2899.811231	.000414
2900.775584	.000366
2901.739938	.0002978
2902.704291	.0003597
2903.668645	.0003947
2904.632999	.0004275
2905.597352	.0004317
2906.561706	.0003614
2907.526059	.0001555
2908.490413	.0001978
2909.454767	.0004042
2910.419120	.0005497
2911.383474	.0005303
2912.347827	.0004489
2913.312181	.0003769
2914.276535	.0002123
2915.240888	.0000703
2916.205242	.0002051
2917.169595	.0003435
2918.133949	.0003538
2919.098302	.0003827
2920.062656	.0004443
2921.027010	.0004098
2921.991363	.0002797
2922.955717	.0002201
2923.920070	.0003209
2924.884424	.0003128
2925.848778	.000228
2926.813131	.0002417
2927.777485	.0002919
2928.741838	.0003407
2929.706192	.0005618
2930.670545	.0006282
2931.634899	.0004013
2932.599253	.0001984
2933.563606	.0002077
2934.527960	.0002907
2935.492313	.0003009
2936.456667	.0002372
2937.421021	.0002176
2938.385374	.0003464
2939.349728	.0004911
2940.314081	.0004688
2941.278435	.0004488
2942.242789	.000634
2943.207142	.0007948
2944.171496	.0007097
2945.135849	.0004483
2946.100203	.0002212
2947.064556	.0003037
2948.028910	.0005819
2948.993264	.0007504
2949.957617	.0006438
2950.921971	.0003733
2951.886324	.0002401
2952.850678	.0004357
2953.815032	.000769
2954.779385	.0009644
2955.743739	.0010078
2956.708092	.0010411
2957.672446	.0011164
2958.636799	.0011806
2959.601153	.0011969
2960.565507	.0013225
2961.529860	.0015243
2962.494214	.0016652
2963.458567	.0017551
2964.422921	.0017538
2965.387275	.001634
2966.351628	.0015428
2967.315982	.0015356
2968.280335	.0015446
2969.244689	.0015251
2970.209042	.0015007
2971.173396	.0015693
2972.137750	.001801
2973.102103	.0019541
2974.066457	.0023245
2975.030810	.0035232
2975.995164	.005574
2976.959518	.0086199
2977.923871	.012995
2978.888225	.018969
2979.852578	.026801
2980.816932	.036693
2981.781286	.048395
2982.745639	.061756
2983.709993	.076869
2984.674346	.093397
2985.638700	.11084
2986.603053	.129
2987.567407	.14777
2988.531761	.16715
2989.496114	.18707
2990.460468	.20717
2991.424821	.22706
2992.389175	.24673
2993.353529	.26628
2994.317882	.28549
2995.282236	.30401
2996.246589	.32175
2997.210943	.33904
2998.175296	.35605
2999.139650	.37235
3000.104004	.3876
3001.068357	.40218
3002.032711	.41653
3002.997064	.43051
3003.961418	.44388
3004.925772	.45652
3005.890125	.46848
3006.854479	.48026
3007.818832	.49213
3008.783186	.50345
3009.747539	.51399
3010.711893	.52436
3011.676247	.53449
3012.640600	.54391
3013.604954	.55295
3014.569307	.56209
3015.533661	.57104
3016.498015	.57933
3017.462368	.58696
3018.426722	.59434
3019.391075	.60175
3020.355429	.60906
3021.319783	.61601
3022.284136	.62231
3023.248490	.62791
3024.212843	.63336
3025.177197	.63907
3026.141550	.64463
3027.105904	.64963
3028.070258	.65439
3029.034611	.65906
3029.998965	.66332
3030.963318	.66711
3031.927672	.67065
3032.892026	.67416
3033.856379	.67753
3034.820733	.6806
3035.785086	.68351
3036.749440	.6864
3037.713793	.68911
3038.678147	.69148
3039.642501	.69368
3040.606854	.69595
3041.571208	.69811
3042.535561	.70001
3043.499915	.70191
3044.464269	.7039
3045.428622	.70578
3046.392976	.70755
3047.357329	.70925
3048.321683	.71069
3049.286037	.71203
3050.250390	.71369
3051.214744	.71559
3052.179097	.71735
3053.143451	.71874
3054.107804	.72002
3055.072158	.72174
3056.036512	.72382
3057.000865	.72559
3057.965219	.72704
3058.929572	.72867
3059.893926	.73048
3060.858280	.73203
3061.822633	.73343
3062.786987	.73503
3063.751340	.73664
3064.715694	.73812
3065.680047	.73949
3066.644401	.74079
3067.608755	.74219
3068.573108	.74359
3069.537462	.74476
3070.501815	.74596
3071.466169	.74737
3072.430523	.74854
3073.394876	.74927
3074.359230	.74991
3075.323583	.75068
3076.287937	.75161
3077.252290	.75254
3078.216644	.75307
3079.180998	.75331
3080.145351	.75375
3081.109705	.75441
3082.074058	.75498
3083.038412	.75539
3084.002766	.75575
3084.967119	.75596
3085.931473	.75589
3086.895826	.75592
3087.860180	.75633
3088.824534	.75689
3089.788887	.75714
3090.753241	.75695
3091.717594	.75661
3092.681948	.7564
3093.646301	.75642
3094.610655	.75647
3095.575009	.75631
3096.539362	.75616
3097.503716	.75627
3098.468069	.75637
3099.432423	.75613
3100.396777	.75586
3101.361130	.75577
3102.325484	.75573
3103.289837	.75579
3104.254191	.75587
3105.218544	.75562
3106.182898	.75506
3107.147252	.7545
3108.111605	.75411
3109.075959	.75382
3110.040312	.75357
3111.004666	.7533
3111.969020	.7529
3112.933373	.75234
3113.897727	.75148
3114.862080	.75042
3115.826434	.7494
3116.790787	.7485
3117.755141	.74749
3118.719495	.74627
3119.683848	.74501
3120.648202	.74385
3121.612555	.74282
3122.576909	.74168
3123.541263	.74016
3124.505616	.73838
3125.469970	.73669
3126.434323	.73514
3127.398677	.73367
3128.363031	.73226
3129.327384	.73076
3130.291738	.72926
3131.256091	.72789
3132.220445	.72651
3133.184798	.7252
3134.149152	.72415
3135.113506	.72319
3136.077859	.72198
3137.042213	.72075
3138.006566	.7199
3138.970920	.71955
3139.935274	.71944
3140.899627	.71918
3141.863981	.71914
3142.828334	.71971
3143.792688	.7202
3144.757041	.72034
3145.721395	.72077
3146.685749	.72156
3147.650102	.72249
3148.614456	.72335
3149.578809	.72391
3150.543163	.72439
3151.507517	.72549
3152.471870	.72716
3153.436224	.72866
3154.400577	.72984
3155.364931	.7309
3156.329284	.73189
3157.293638	.73299
3158.257992	.73411
3159.222345	.73506
3160.186699	.73604
3161.151052	.73699
3162.115406	.73764
3163.079760	.73797
3164.044113	.73815
3165.008467	.73836
3165.972820	.73858
3166.937174	.73849
3167.901528	.73808
3168.865881	.73763
3169.830235	.73714
3170.794588	.73655
3171.758942	.73596
3172.723295	.73522
3173.687649	.7342
3174.652003	.73312
3175.616356	.73223
3176.580710	.73139
3177.545063	.73033
3178.509417	.72923
3179.473771	.72839
3180.438124	.7276
3181.402478	.72673
3182.366831	.72592
3183.331185	.72503
3184.295538	.72396
3185.259892	.72294
3186.224246	.72208
3187.188599	.72133
3188.152953	.72082
3189.117306	.72055
3190.081660	.72041
3191.046014	.72045
3192.010367	.72062
3192.974721	.72094
3193.939074	.72153
3194.903428	.72217
3195.867782	.72286
3196.832135	.72385
3197.796489	.72499
3198.760842	.72631
3199.725196	.72795
3200.689549	.72952
3201.653903	.73086
3202.618257	.73234
3203.582610	.73407
3204.546964	.736
3205.511317	.73829
3206.475671	.74098
3207.440025	.74384
3208.404378	.74648
3209.368732	.74892
3210.333085	.75144
3211.297439	.7542
3212.261792	.75705
3213.226146	.75979
3214.190500	.76263
3215.154853	.76565
3216.119207	.76848
3217.083560	.77108
3218.047914	.77389
3219.012268	.77697
3219.976621	.77991
3220.940975	.78264
3221.905328	.78546
3222.869682	.78831
3223.834035	.79111
3224.798389	.79396
3225.762743	.79661
3226.727096	.79887
3227.691450	.80109
3228.655803	.80367
3229.620157	.80645
3230.584511	.80893
3231.548864	.81086
3232.513218	.81265
3233.477571	.81466
3234.441925	.81655
3235.406279	.81828
3236.370632	.82015
3237.334986	.82186
3238.299339	.82333
3239.263693	.8249
3240.228046	.82653
3241.192400	.82804
3242.156754	.82928
3243.121107	.83025
3244.085461	.83114
3245.049814	.83195
3246.014168	.83265
3246.978522	.83355
3247.942875	.83455
3248.907229	.83525
3249.871582	.83593
3250.835936	.83664
3251.800289	.83697
3252.764643	.83727
3253.728997	.8378
3254.693350	.83812
3255.657704	.83814
3256.622057	.83813
3257.586411	.83825
3258.550765	.83839
3259.515118	.8385
3260.479472	.83864
3261.443825	.83857
3262.408179	.83808
3263.372532	.83751
3264.336886	.83727
3265.301240	.8372
3266.265593	.83698
3267.229947	.83673
3268.194300	.83642
3269.158654	.83595
3270.123008	.83567
3271.087361	.8358
3272.051715	.83609
3273.016068	.83618
3273.980422	.83603
3274.944776	.83602
3275.909129	.8362
3276.873483	.83641
3277.837836	.83684
3278.802190	.8371
3279.766543	.8368
3280.730897	.83646
3281.695251	.83645
3282.659604	.83654
3283.623958	.83656
3284.588311	.83647
3285.552665	.83614
3286.517019	.83565
3287.481372	.83532
3288.445726	.83519
3289.410079	.83516
3290.374433	.83515
3291.338786	.83519
3292.303140	.83559
3293.267494	.83593
3294.231847	.83569
3295.196201	.83559
3296.160554	.83619
3297.124908	.83693
3298.089262	.83744
3299.053615	.83791
3300.017969	.83844
3300.982322	.8392
3301.946676	.84017
3302.911030	.84073
3303.875383	.84082
3304.839737	.84121
3305.804090	.84214
3306.768444	.84321
3307.732797	.84415
3308.697151	.84464
3309.661505	.84479
3310.625858	.84519
3311.590212	.84603
3312.554565	.84697
3313.518919	.84757
3314.483273	.84777
3315.447626	.84785
3316.411980	.84808
3317.376333	.84846
3318.340687	.84876
3319.305040	.84878
3320.269394	.84867
3321.233748	.84862
3322.198101	.84837
3323.162455	.84784
3324.126808	.84738
3325.091162	.84704
3326.055516	.84637
3327.019869	.84517
3327.984223	.84385
3328.948576	.84281
3329.912930	.8418
3330.877283	.84065
3331.841637	.83954
3332.805991	.83835
3333.770344	.83686
3334.734698	.83526
3335.699051	.83372
3336.663405	.83226
3337.627759	.83125
3338.592112	.83098
3339.556466	.83058
3340.520819	.82932
3341.485173	.82804
3342.449527	.82754
3343.413880	.82734
3344.378234	.82708
3345.342587	.82713
3346.306941	.82737
3347.271294	.82743
3348.235648	.82752
3349.200002	.82786
3350.164355	.82829
3351.128709	.82878
3352.093062	.82956
3353.057416	.83054
3354.021770	.83131
3354.986123	.83199
3355.950477	.8328
3356.914830	.83357
3357.879184	.83404
3358.843537	.83443
3359.807891	.83513
3360.772245	.83605
3361.736598	.83675
3362.700952	.83718
3363.665305	.83742
3364.629659	.83773
3365.594013	.83845
3366.558366	.83941
3367.522720	.8401
3368.487073	.84027
3369.451427	.84025
3370.415780	.84055
3371.380134	.84105
3372.344488	.8416
3373.308841	.84235
3374.273195	.84296
3375.237548	.84312
3376.201902	.84314
3377.166256	.84356
3378.130609	.84423
3379.094963	.84466
3380.059316	.84509
3381.023670	.84561
3381.988024	.84569
3382.952377	.84542
3383.916731	.84527
3384.881084	.84542
3385.845438	.84601
3386.809791	.8465
3387.774145	.8462
3388.738499	.8455
3389.702852	.84477
3390.667206	.84419
3391.631559	.84415
3392.595913	.84434
3393.560267	.84409
3394.524620	.84347
3395.488974	.8429
3396.453327	.84259
3397.417681	.84249
3398.382034	.84222
3399.346388	.8417
3400.310742	.84161
3401.275095	.84204
3402.239449	.84222
3403.203802	.84198
3404.168156	.84181
3405.132510	.84172
3406.096863	.84152
3407.061217	.84137
3408.025570	.84119
3408.989924	.84088
3409.954278	.84094
3410.918631	.84141
3411.882985	.84165
3412.847338	.84164
3413.811692	.84195
3414.776045	.84238
3415.740399	.8426
3416.704753	.843
3417.669106	.84368
3418.633460	.84431
3419.597813	.84487
3420.562167	.84554
3421.526521	.84646
3422.490874	.84755
3423.455228	.8485
3424.419581	.84927
3425.383935	.85003
3426.348288	.85069
3427.312642	.85116
3428.276996	.85181
3429.241349	.85271
3430.205703	.85352
3431.170056	.85421
3432.134410	.85484
3433.098764	.85536
3434.063117	.856
3435.027471	.85677
3435.991824	.85721
3436.956178	.85747
3437.920531	.85804
3438.884885	.85863
3439.849239	.85905
3440.813592	.85961
3441.777946	.86029
3442.742299	.86091
3443.706653	.86138
3444.671007	.86176
3445.635360	.86236
3446.599714	.86298
3447.564067	.86347
3448.528421	.86419
3449.492775	.86493
3450.457128	.86522
3451.421482	.86543
3452.385835	.866
3453.350189	.86653
3454.314542	.86687
3455.278896	.86751
3456.243250	.86834
3457.207603	.86895
3458.171957	.86941
3459.136310	.87009
3460.100664	.87094
3461.065018	.87157
3462.029371	.87197
3462.993725	.87237
3463.958078	.87271
3464.922432	.8727
3465.886785	.87253
3466.851139	.87289
3467.815493	.87375
3468.779846	.87454
3469.744200	.87527
3470.708553	.8759
3471.672907	.8764
3472.637261	.87695
3473.601614	.87747
3474.565968	.87775
3475.530321	.87795
3476.494675	.87814
3477.459028	.87819
3478.423382	.87842
3479.387736	.87903
3480.352089	.87942
3481.316443	.87921
3482.280796	.87896
3483.245150	.87926
3484.209504	.87995
3485.173857	.88052
3486.138211	.88075
3487.102564	.88071
3488.066918	.88066
3489.031272	.88096
3489.995625	.88133
3490.959979	.88142
3491.924332	.88154
3492.888686	.88181
3493.853039	.88192
3494.817393	.88182
3495.781747	.88177
3496.746100	.88181
3497.710454	.88166
3498.674807	.88144
3499.639161	.88143
3500.603515	.88122
3501.567868	.88064
3502.532222	.88037
3503.496575	.88073
3504.460929	.88132
3505.425282	.8817
3506.389636	.88176
3507.353990	.88158
3508.318343	.88136
3509.282697	.88151
3510.247050	.88194
3511.211404	.88199
3512.175758	.88172
3513.140111	.88179
3514.104465	.88222
3515.068818	.88247
3516.033172	.88267
3516.997526	.88327
3517.961879	.88367
3518.926233	.88337
3519.890586	.88315
3520.854940	.88348
3521.819293	.88368
3522.783647	.88341
3523.748001	.88326
3524.712354	.88351
3525.676708	.88375
3526.641061	.88385
3527.605415	.88408
3528.569769	.88437
3529.534122	.88452
3530.498476	.88473
3531.462829	.88504
3532.427183	.8851
3533.391536	.8851
3534.355890	.88551
3535.320244	.88597
3536.284597	.88609
3537.248951	.88613
3538.213304	.88614
3539.177658	.88607
3540.142012	.88623
3541.106365	.88656
3542.070719	.88667
3543.035072	.88638
3543.999426	.88596
3544.963779	.88596
3545.928133	.88657
3546.892487	.8873
3547.856840	.88774
3548.821194	.88765
3549.785547	.88725
3550.749901	.88727
3551.714255	.88771
3552.678608	.88805
3553.642962	.8883
3554.607315	.88863
3555.571669	.88898
3556.536023	.88922
3557.500376	.8893
3558.464730	.88927
3559.429083	.88908
3560.393437	.88895
3561.357790	.88922
3562.322144	.88955
3563.286498	.88929
3564.250851	.88851
3565.215205	.88774
3566.179558	.88739
3567.143912	.88768
3568.108266	.88846
3569.072619	.88913
3570.036973	.88941
3571.001326	.88974
3571.965680	.89009
3572.930033	.88996
3573.894387	.88982
3574.858741	.89008
3575.823094	.89009
3576.787448	.88976
3577.751801	.88967
3578.716155	.88967
3579.680509	.88953
3580.644862	.8895
3581.609216	.88954
3582.573569	.88947
3583.537923	.88913
3584.502276	.8886
3585.466630	.88814
3586.430984	.88787
3587.395337	.88783
3588.359691	.88794
3589.324044	.88811
3590.288398	.88845
3591.252752	.88889
3592.217105	.88916
3593.181459	.88913
3594.145812	.88879
3595.110166	.88847
3596.074520	.88857
3597.038873	.88881
3598.003227	.88874
3598.967580	.88863
3599.931934	.88874
3600.896287	.88879
3601.860641	.88855
3602.824995	.88826
3603.789348	.88818
3604.753702	.88842
3605.718055	.88848
3606.682409	.88774
3607.646763	.8866
3608.611116	.88594
3609.575470	.88615
3610.539823	.8866
3611.504177	.88632
3612.468530	.88574
3613.432884	.88574
3614.397238	.8859
3615.361591	.88562
3616.325945	.88483
3617.290298	.88379
3618.254652	.88261
3619.219006	.88155
3620.183359	.88133
3621.147713	.88175
3622.112066	.88167
3623.076420	.88104
3624.040774	.88042
3625.005127	.8797
3625.969481	.87856
3626.933834	.87652
3627.898188	.87343
3628.862541	.87113
3629.826895	.87181
3630.791249	.87404
3631.755602	.8752
3632.719956	.87506
3633.684309	.87463
3634.648663	.8746
3635.613017	.87517
3636.577370	.87611
3637.541724	.87687
3638.506077	.87737
3639.470431	.87785
3640.434784	.87827
3641.399138	.87854
3642.363492	.87866
3643.327845	.87875
3644.292199	.87886
3645.256552	.87848
3646.220906	.87743
3647.185260	.87651
3648.149613	.87584
3649.113967	.8751
3650.078320	.8753
3651.042674	.87685
3652.007027	.87849
3652.971381	.87955
3653.935735	.87994
3654.900088	.87935
3655.864442	.87813
3656.828795	.87772
3657.793149	.87832
3658.757503	.87879
3659.721856	.87896
3660.686210	.87901
3661.650563	.87881
3662.614917	.87832
3663.579271	.87743
3664.543624	.87617
3665.507978	.87536
3666.472331	.87521
3667.436685	.87417
3668.401038	.87144
3669.365392	.86855
3670.329746	.86716
3671.294099	.86752
3672.258453	.86815
3673.222806	.86717
3674.187160	.86437
3675.151514	.8614
3676.115867	.86064
3677.080221	.86195
3678.044574	.86282
3679.008928	.86235
3679.973281	.86178
3680.937635	.86176
3681.901989	.8618
3682.866342	.86157
3683.830696	.8611
3684.795049	.86059
3685.759403	.86004
3686.723757	.85885
3687.688110	.85673
3688.652464	.85557
3689.616817	.85633
3690.581171	.85676
3691.545524	.85639
3692.509878	.85638
3693.474232	.85675
3694.438585	.85721
3695.402939	.85738
3696.367292	.85708
3697.331646	.85679
3698.296000	.85683
3699.260353	.8569
3700.224707	.85667
3701.189060	.85624
3702.153414	.85615
3703.117768	.85662
3704.082121	.85726
3705.046475	.85764
3706.010828	.85737
3706.975182	.85668
3707.939535	.85631
3708.903889	.85624
3709.868243	.85617
3710.832596	.85563
3711.796950	.85482
3712.761303	.8551
3713.725657	.8562
3714.690011	.85694
3715.654364	.85739
3716.618718	.85739
3717.583071	.8566
3718.547425	.85569
3719.511778	.85518
3720.476132	.85452
3721.440486	.85372
3722.404839	.85361
3723.369193	.85388
3724.333546	.85357
3725.297900	.85274
3726.262254	.85187
3727.226607	.85161
3728.190961	.85224
3729.155314	.8527
3730.119668	.85207
3731.084022	.8507
3732.048375	.84961
3733.012729	.84926
3733.977082	.84878
3734.941436	.8479
3735.905789	.84745
3736.870143	.84773
3737.834497	.84855
3738.798850	.8494
3739.763204	.8496
3740.727557	.84937
3741.691911	.84915
3742.656265	.84799
3743.620618	.84479
3744.584972	.84224
3745.549325	.84382
3746.513679	.84634
3747.478032	.84639
3748.442386	.84434
3749.406740	.84241
3750.371093	.84163
3751.335447	.84073
3752.299800	.84041
3753.264154	.84198
3754.228508	.84329
3755.192861	.84296
3756.157215	.84211
3757.121568	.8417
3758.085922	.84126
3759.050275	.84013
3760.014629	.83934
3760.978983	.83966
3761.943336	.84015
3762.907690	.84002
3763.872043	.83935
3764.836397	.8386
3765.800751	.83856
3766.765104	.83975
3767.729458	.8413
3768.693811	.84172
3769.658165	.84162
3770.622519	.84301
3771.586872	.84523
3772.551226	.84667
3773.515579	.84754
3774.479933	.8483
3775.444286	.84874
3776.408640	.84903
3777.372994	.84925
3778.337347	.84895
3779.301701	.84877
3780.266054	.84971
3781.230408	.85084
3782.194762	.85115
3783.159115	.85094
3784.123469	.85073
3785.087822	.85085
3786.052176	.85106
3787.016529	.85094
3787.980883	.85061
3788.945237	.85006
3789.909590	.84945
3790.873944	.84921
3791.838297	.84907
3792.802651	.84862
3793.767005	.84796
3794.731358	.84708
3795.695712	.84629
3796.660065	.84618
3797.624419	.8465
3798.588772	.84636
3799.553126	.84523
3800.517480	.84349
3801.481833	.8426
3802.446187	.84347
3803.410540	.84461
3804.374894	.84476
3805.339248	.84387
3806.303601	.84245
3807.267955	.84201
3808.232308	.84309
3809.196662	.84414
3810.161016	.84444
3811.125369	.84435
3812.089723	.84412
3813.054076	.84379
3814.018430	.84295
3814.982783	.84119
3815.947137	.83973
3816.911491	.84043
3817.875844	.84208
3818.840198	.84262
3819.804551	.84184
3820.768905	.84062
3821.733259	.8405
3822.697612	.84196
3823.661966	.84365
3824.626319	.84462
3825.590673	.84499
3826.555026	.84523
3827.519380	.84574
3828.483734	.84633
3829.448087	.84671
3830.412441	.84657
3831.376794	.84588
3832.341148	.84543
3833.305502	.84538
3834.269855	.84505
3835.234209	.84467
3836.198562	.84453
3837.162916	.84396
3838.127269	.84336
3839.091623	.84357
3840.055977	.84391
3841.020330	.8447
3841.984684	.8462
3842.949037	.84691
3843.913391	.84667
3844.877745	.84697
3845.842098	.84777
3846.806452	.84798
3847.770805	.8476
3848.735159	.84735
3849.699513	.84709
3850.663866	.84602
3851.628220	.84404
3852.592573	.84164
3853.556927	.83934
3854.521280	.83949
3855.485634	.84223
3856.449988	.84385
3857.414341	.84353
3858.378695	.84286
3859.343048	.8422
3860.307402	.84128
3861.271756	.8405
3862.236109	.84018
3863.200463	.83956
3864.164816	.83823
3865.129170	.83759
3866.093523	.83841
3867.057877	.83888
3868.022231	.83762
3868.986584	.83564
3869.950938	.83492
3870.915291	.836
3871.879645	.83727
3872.843999	.83746
3873.808352	.83718
3874.772706	.83754
3875.737059	.83831
3876.701413	.83861
3877.665767	.83837
3878.630120	.83776
3879.594474	.83676
3880.558827	.83632
3881.523181	.83718
3882.487534	.8382
3883.451888	.83811
3884.416242	.83684
3885.380595	.83553
3886.344949	.83598
3887.309302	.83789
3888.273656	.83915
3889.238010	.83877
3890.202363	.83727
3891.166717	.83625
3892.131070	.83694
3893.095424	.83819
3894.059777	.83856
3895.024131	.83847
3895.988485	.83882
3896.952838	.83919
3897.917192	.83848
3898.881545	.83696
3899.845899	.83622
3900.810253	.83635
3901.774606	.83667
3902.738960	.83715
3903.703313	.83722
3904.667667	.83695
3905.632020	.83706
3906.596374	.83706
3907.560728	.83667
3908.525081	.83629
3909.489435	.83608
3910.453788	.83562
3911.418142	.83488
3912.382496	.83463
3913.346849	.8346
3914.311203	.83383
3915.275556	.83246
3916.239910	.83125
3917.204264	.83051
3918.168617	.83009
3919.132971	.8297
3920.097324	.82936
3921.061678	.82934
3922.026031	.82934
3922.990385	.82892
3923.954739	.82833
3924.919092	.82812
3925.883446	.82861
3926.847799	.82914
3927.812153	.82928
3928.776507	.8294
3929.740860	.8293
3930.705214	.82894
3931.669567	.82902
3932.633921	.82995
3933.598274	.83112
3934.562628	.83171
3935.526982	.83186
3936.491335	.83221
3937.455689	.83286
3938.420042	.83345
3939.384396	.83397
3940.348750	.83457
3941.313103	.83511
3942.277457	.8357
3943.241810	.83655
3944.206164	.83734
3945.170517	.83772
3946.134871	.83801
3947.099225	.8385
3948.063578	.83875
3949.027932	.8385
3949.992285	.83821
3950.956639	.83821
3951.920993	.83811
3952.885346	.83765
3953.849700	.83694
3954.814053	.83613
3955.778407	.83546
3956.742761	.83479
3957.707114	.83422
3958.671468	.83398
3959.635821	.8336
3960.600175	.83277
3961.564528	.8317
3962.528882	.83095
3963.493236	.83066
3964.457589	.83001
3965.421943	.82903
3966.386296	.82864
3967.350650	.82875
3968.315004	.82864
3969.279357	.82815
3970.243711	.82754
3971.208064	.82694
3972.172418	.82643
3973.136771	.82608
3974.101125	.8256
3975.065479	.82472
3976.029832	.82386
3976.994186	.82345
3977.958539	.82284
3978.922893	.82146
3979.887247	.82016
3980.851600	.81945
3981.815954	.81874
3982.780307	.81746
3983.744661	.81571
3984.709015	.81392
3985.673368	.81241
3986.637722	.81111
3987.602075	.80982
3988.566429	.80878
3989.530782	.80805
3990.495136	.80725
3991.459490	.80659
3992.423843	.80636
3993.388197	.80637
3994.352550	.80683
3995.316904	.80788
3996.281258	.80887
3997.245611	.8094
3998.209965	.81003
3999.174318	.81108
4000.138672	.81205
