499.535156	.86682
500.499510	.86041
501.463863	.85209
502.428217	.84787
503.392571	.84767
504.356924	.84602
505.321278	.84236
506.285631	.84046
507.249985	.84066
508.214339	.84141
509.178692	.8436
510.143046	.84687
511.107399	.84804
512.071753	.84766
513.036106	.84993
514.000460	.85445
514.964814	.85704
515.929167	.85725
516.893521	.8579
517.857874	.86007
518.822228	.86315
519.786582	.86632
520.750935	.86948
521.715289	.87345
522.679642	.87829
523.643996	.88258
524.608349	.88506
525.572703	.88764
526.537057	.89316
527.501410	.89978
528.465764	.90447
529.430117	.90809
530.394471	.91156
531.358825	.91375
532.323178	.91451
533.287532	.91543
534.251885	.91742
535.216239	.91862
536.180593	.91809
537.144946	.91845
538.109300	.91977
539.073653	.91988
540.038007	.91956
541.002360	.91991
541.966714	.9205
542.931068	.92062
543.895421	.92
544.859775	.91931
545.824128	.91932
546.788482	.91964
547.752836	.9176
548.717189	.91258
549.681543	.90804
550.645896	.90543
551.610250	.90275
552.574603	.89864
553.538957	.89396
554.503311	.8901
555.467664	.88684
556.432018	.8835
557.396371	.87975
558.360725	.87548
559.325079	.87149
560.289432	.86861
561.253786	.86664
562.218139	.86463
563.182493	.86182
564.146846	.8582
565.111200	.85473
566.075554	.85294
567.039907	.85229
568.004261	.84997
568.968614	.84655
569.932968	.84598
570.897322	.84852
571.861675	.85098
572.826029	.85313
573.790382	.85641
574.754736	.85892
575.719090	.85937
576.683443	.861
577.647797	.86524
578.612150	.86943
579.576504	.87249
580.540857	.87587
581.505211	.88015
582.469565	.88446
583.433918	.8875
584.398272	.89006
585.362625	.89426
586.326979	.89903
587.291333	.90262
588.255686	.90632
589.220040	.91037
590.184393	.91326
591.148747	.91574
592.113100	.91906
593.077454	.92193
594.041808	.92418
595.006161	.92722
595.970515	.92993
596.934868	.93108
597.899222	.93201
598.863576	.93284
599.827929	.93197
600.792283	.93005
601.756636	.92906
602.720990	.92853
603.685343	.92665
604.649697	.92413
605.614051	.92327
606.578404	.92314
607.542758	.92119
608.507111	.9185
609.471465	.91698
610.435819	.91511
611.400172	.91171
612.364526	.90861
613.328879	.90569
614.293233	.90169
615.257587	.89789
616.221940	.89461
617.186294	.89104
618.150647	.88747
619.115001	.88382
620.079354	.88029
621.043708	.87779
622.008062	.87623
622.972415	.87457
623.936769	.87222
624.901122	.86997
625.865476	.86868
626.829830	.86783
627.794183	.86705
628.758537	.86655
629.722890	.8665
630.687244	.86748
631.651597	.86881
632.615951	.86906
633.580305	.86855
634.544658	.86802
635.509012	.86804
636.473365	.86936
637.437719	.87165
638.402073	.87404
639.366426	.87656
640.330780	.87992
641.295133	.88358
642.259487	.88644
643.223841	.88926
644.188194	.89309
645.152548	.89774
646.116901	.90167
647.081255	.90335
648.045608	.90418
649.009962	.90671
649.974316	.9103
650.938669	.91292
651.903023	.91451
652.867376	.91546
653.831730	.91622
654.796084	.91773
655.760437	.91922
656.724791	.91946
657.689144	.91916
658.653498	.91932
659.617851	.91968
660.582205	.91934
661.546559	.91778
662.510912	.91572
663.475266	.91366
664.439619	.911
665.403973	.90712
666.368327	.89891
667.332680	.88118
668.297034	.86725
669.261387	.87349
670.225741	.88069
671.190094	.88065
672.154448	.87686
673.118802	.87289
674.083155	.86907
675.047509	.86471
676.011862	.85982
676.976216	.85545
677.940570	.85205
678.904923	.84852
679.869277	.84428
680.833630	.84015
681.797984	.83665
682.762338	.83335
683.726691	.83037
684.691045	.82834
685.655398	.82659
686.619752	.82465
687.584105	.82318
688.548459	.82217
689.512813	.82142
690.477166	.82144
691.441520	.82138
692.405873	.81989
693.370227	.81815
694.334581	.81727
695.298934	.81598
696.263288	.81341
697.227641	.80979
698.191995	.80528
699.156348	.80019
700.120702	.79443
701.085056	.78732
702.049409	.77839
703.013763	.7678
703.978116	.75577
704.942470	.74162
705.906824	.72461
706.871177	.70465
707.835531	.68136
708.799884	.65406
709.764238	.62235
710.728591	.58616
711.692945	.54518
712.657299	.49805
713.621652	.44283
714.586006	.37811
715.550359	.30482
716.514713	.22839
717.479067	.15813
718.443420	.10475
719.407774	.077133
720.372127	.077901
721.336481	.10028
722.300835	.13213
723.265188	.16322
724.229542	.18638
725.193895	.19666
726.158249	.19021
727.122602	.16468
728.086956	.12344
729.051310	.079518
730.015663	.053707
730.980017	.068463
731.944370	.1358
732.908724	.24255
733.873078	.35629
734.837431	.45213
735.801785	.52427
736.766138	.5764
737.730492	.61427
738.694845	.64289
739.659199	.66468
740.623553	.68116
741.587906	.69445
742.552260	.70569
743.516613	.71463
744.480967	.72175
745.445321	.72769
746.409674	.7324
747.374028	.73647
748.338381	.74045
749.302735	.74398
750.267088	.74677
751.231442	.74915
752.195796	.75166
753.160149	.75433
754.124503	.75688
755.088856	.75913
756.053210	.76157
757.017564	.76472
757.981917	.76811
758.946271	.77073
759.910624	.77225
760.874978	.77356
761.839332	.77578
762.803685	.77854
763.768039	.78061
764.732392	.78226
765.696746	.78464
766.661099	.78736
767.625453	.7895
768.589807	.79156
769.554160	.79435
770.518514	.79747
771.482867	.80038
772.447221	.80324
773.411575	.80625
774.375928	.80947
775.340282	.81278
776.304635	.81596
777.268989	.81882
778.233342	.82091
779.197696	.82259
780.162050	.82486
781.126403	.82747
782.090757	.82963
783.055110	.83133
784.019464	.83267
784.983818	.83357
785.948171	.8345
786.912525	.83578
787.876878	.8366
788.841232	.83658
789.805586	.83647
790.769939	.83649
791.734293	.83609
792.698646	.83525
793.663000	.83428
794.627353	.83298
795.591707	.83145
796.556061	.82993
797.520414	.82829
798.484768	.82675
799.449121	.8256
800.413475	.82421
801.377829	.82227
802.342182	.82058
803.306536	.81898
804.270889	.81705
805.235243	.81589
806.199596	.81585
807.163950	.81589
808.128304	.81555
809.092657	.81473
810.057011	.8138
811.021364	.81365
811.985718	.81431
812.950072	.81496
813.914425	.81536
814.878779	.81588
815.843132	.81709
816.807486	.81893
817.771839	.82058
818.736193	.8223
819.700547	.82451
820.664900	.82671
821.629254	.82913
822.593607	.83244
823.557961	.83612
824.522315	.83917
825.486668	.84201
826.451022	.845
827.415375	.84718
828.379729	.84875
829.344083	.851
830.308436	.85402
831.272790	.8566
832.237143	.85792
833.201497	.85917
834.165850	.8615
835.130204	.86382
836.094558	.86527
837.058911	.86683
838.023265	.86823
838.987618	.86865
839.951972	.86962
840.916326	.87175
841.880679	.87337
842.845033	.87335
843.809386	.87237
844.773740	.87181
845.738093	.87166
846.702447	.87101
847.666801	.86983
848.631154	.86849
849.595508	.86718
850.559861	.86614
851.524215	.86511
852.488569	.86356
853.452922	.86179
854.417276	.86063
855.381629	.86009
856.345983	.85912
857.310336	.85731
858.274690	.85557
859.239044	.85426
860.203397	.85291
861.167751	.85157
862.132104	.85
863.096458	.8475
864.060812	.84457
865.025165	.84237
865.989519	.84108
866.953872	.84024
867.918226	.83923
868.882580	.83792
869.846933	.83687
870.811287	.83618
871.775640	.83542
872.739994	.83482
873.704347	.83486
874.668701	.83479
875.633055	.8341
876.597408	.83347
877.561762	.83306
878.526115	.83255
879.490469	.83121
880.454823	.82858
881.419176	.82578
882.383530	.82348
883.347883	.82104
884.312237	.81865
885.276590	.81662
886.240944	.81468
887.205298	.81359
888.169651	.81459
889.134005	.81762
890.098358	.82192
891.062712	.82687
892.027066	.83163
892.991419	.8356
893.955773	.83948
894.920126	.84381
895.884480	.84757
896.848834	.85009
897.813187	.85215
898.777541	.85437
899.741894	.85617
900.706248	.85724
901.670601	.85824
902.634955	.85934
903.599309	.85986
904.563662	.8594
905.528016	.85856
906.492369	.85766
907.456723	.85613
908.421077	.85444
909.385430	.85373
910.349784	.85365
911.314137	.85317
912.278491	.85239
913.242844	.8517
914.207198	.85095
915.171552	.85012
916.135905	.84898
917.100259	.84723
918.064612	.84552
919.028966	.84464
919.993320	.84396
920.957673	.84257
921.922027	.84089
922.886380	.83956
923.850734	.83839
924.815087	.83716
925.779441	.83604
926.743795	.83497
927.708148	.83371
928.672502	.83227
929.636855	.83101
930.601209	.8302
931.565563	.8294
932.529916	.82872
933.494270	.8289
934.458623	.82928
935.422977	.82926
936.387331	.82972
937.351684	.83068
938.316038	.83132
939.280391	.83184
940.244745	.83283
941.209098	.83402
942.173452	.83519
943.137806	.83654
944.102159	.83792
945.066513	.83909
946.030866	.84018
946.995220	.84132
947.959574	.84258
948.923927	.84401
949.888281	.8453
950.852634	.84653
951.816988	.84821
952.781341	.85
953.745695	.85128
954.710049	.85188
955.674402	.85218
956.638756	.85277
957.603109	.85374
958.567463	.85452
959.531817	.8548
960.496170	.8547
961.460524	.85427
962.424877	.85362
963.389231	.85302
964.353584	.85238
965.317938	.85154
966.282292	.85085
967.246645	.85063
968.210999	.85051
969.175352	.85029
970.139706	.85008
971.104060	.84957
972.068413	.84862
973.032767	.84743
973.997120	.84635
974.961474	.84567
975.925828	.84498
976.890181	.84377
977.854535	.84216
978.818888	.84039
979.783242	.83882
980.747595	.8379
981.711949	.8373
982.676303	.83646
983.640656	.83556
984.605010	.83454
985.569363	.83306
986.533717	.83174
987.498071	.83121
988.462424	.83088
989.426778	.83022
990.391131	.82961
991.355485	.82929
992.319838	.82878
993.284192	.82797
994.248546	.82728
995.212899	.82697
996.177253	.82723
997.141606	.82775
998.105960	.82803
999.070314	.82837
1000.034667	.82884
1000.999021	.82948
1001.963374	.83047
1002.927728	.83127
1003.892082	.8315
1004.856435	.83167
1005.820789	.83194
1006.785142	.83194
1007.749496	.83174
1008.713849	.8319
1009.678203	.8324
1010.642557	.83281
1011.606910	.83303
1012.571264	.83286
1013.535617	.83244
1014.499971	.83205
1015.464325	.83128
1016.428678	.83026
1017.393032	.82944
1018.357385	.8287
1019.321739	.82803
1020.286092	.82732
1021.250446	.82627
1022.214800	.82505
1023.179153	.82356
1024.143507	.82178
1025.107860	.82006
1026.072214	.81818
1027.036568	.81586
1028.000921	.81355
1028.965275	.81145
1029.929628	.80887
1030.893982	.80553
1031.858335	.80242
1032.822689	.80006
1033.787043	.79758
1034.751396	.79465
1035.715750	.79184
1036.680103	.78917
1037.644457	.78646
1038.608811	.78357
1039.573164	.78038
1040.537518	.77716
1041.501871	.77435
1042.466225	.77169
1043.430579	.76867
1044.394932	.76547
1045.359286	.76221
1046.323639	.75878
1047.287993	.75526
1048.252346	.7511
1049.216700	.74618
1050.181054	.74225
1051.145407	.7409
1052.109761	.74124
1053.074114	.74135
1054.038468	.74066
1055.002822	.73958
1055.967175	.73854
1056.931529	.73743
1057.895882	.73558
1058.860236	.73306
1059.824589	.73074
1060.788943	.729
1061.753297	.72774
1062.717650	.72689
1063.682004	.72645
1064.646357	.72638
1065.610711	.72653
1066.575065	.72653
1067.539418	.72626
1068.503772	.72641
1069.468125	.72693
1070.432479	.7266
1071.396832	.72512
1072.361186	.72327
1073.325540	.72136
1074.289893	.71917
1075.254247	.71681
1076.218600	.71459
1077.182954	.71271
1078.147308	.71128
1079.111661	.71036
1080.076015	.70996
1081.040368	.70993
1082.004722	.71015
1082.969076	.71063
1083.933429	.7111
1084.897783	.71125
1085.862136	.7117
1086.826490	.71292
1087.790843	.71423
1088.755197	.71509
1089.719551	.71565
1090.683904	.71619
1091.648258	.71687
1092.612611	.71789
1093.576965	.71928
1094.541319	.72064
1095.505672	.72155
1096.470026	.72217
1097.434379	.72292
1098.398733	.72382
1099.363086	.72467
1100.327440	.72533
1101.291794	.72575
1102.256147	.72594
1103.220501	.72596
1104.184854	.72614
1105.149208	.72655
1106.113562	.72658
1107.077915	.72633
1108.042269	.72647
1109.006622	.72686
1109.970976	.72721
1110.935330	.72755
1111.899683	.72789
1112.864037	.72847
1113.828390	.72934
1114.792744	.73015
1115.757097	.73083
1116.721451	.7317
1117.685805	.73289
1118.650158	.73403
1119.614512	.73508
1120.578865	.73628
1121.543219	.73759
1122.507573	.73889
1123.471926	.74002
1124.436280	.74113
1125.400633	.74257
1126.364987	.74386
1127.329340	.74473
1128.293694	.74573
1129.258048	.74677
1130.222401	.74766
1131.186755	.7489
1132.151108	.75063
1133.115462	.7526
1134.079816	.75449
1135.044169	.75594
1136.008523	.75689
1136.972876	.75775
1137.937230	.75872
1138.901583	.75958
1139.865937	.76018
1140.830291	.76061
1141.794644	.76088
1142.758998	.76078
1143.723351	.76062
1144.687705	.76084
1145.652059	.761
1146.616412	.76072
1147.580766	.76039
1148.545119	.76036
1149.509473	.76027
1150.473827	.7598
1151.438180	.75952
1152.402534	.7599
1153.366887	.76014
1154.331241	.75956
1155.295594	.75884
1156.259948	.75857
1157.224302	.75839
1158.188655	.75811
1159.153009	.75803
1160.117362	.75811
1161.081716	.75803
1162.046070	.7577
1163.010423	.75731
1163.974777	.75723
1164.939130	.75754
1165.903484	.75766
1166.867837	.75731
1167.832191	.75695
1168.796545	.75687
1169.760898	.75679
1170.725252	.75651
1171.689605	.75626
1172.653959	.75618
1173.618313	.75574
1174.582666	.75429
1175.547020	.75202
1176.511373	.75003
1177.475727	.74971
1178.440080	.75157
1179.404434	.75464
1180.368788	.75733
1181.333141	.75913
1182.297495	.76064
1183.261848	.76198
1184.226202	.76276
1185.190556	.76331
1186.154909	.76418
1187.119263	.76507
1188.083616	.76548
1189.047970	.76573
1190.012324	.76619
1190.976677	.76669
1191.941031	.76717
1192.905384	.7675
1193.869738	.76754
1194.834091	.76756
1195.798445	.76776
1196.762799	.76799
1197.727152	.76813
1198.691506	.76826
1199.655859	.76861
1200.620213	.76916
1201.584567	.76951
1202.548920	.76955
1203.513274	.76972
1204.477627	.77007
1205.441981	.77006
1206.406334	.76974
1207.370688	.76942
1208.335042	.76896
1209.299395	.76833
1210.263749	.76773
1211.228102	.76717
1212.192456	.7666
1213.156810	.76588
1214.121163	.76499
1215.085517	.76423
1216.049870	.76363
1217.014224	.76285
1217.978578	.76174
1218.942931	.76067
1219.907285	.76
1220.871638	.7595
1221.835992	.75881
1222.800345	.75806
1223.764699	.75733
1224.729053	.75666
1225.693406	.75629
1226.657760	.75616
1227.622113	.75584
1228.586467	.75547
1229.550821	.75534
1230.515174	.75528
1231.479528	.75499
1232.443881	.75458
1233.408235	.75435
1234.372588	.75438
1235.336942	.75459
1236.301296	.75493
1237.265649	.75526
1238.230003	.75534
1239.194356	.75524
1240.158710	.75517
1241.123064	.75516
1242.087417	.75519
1243.051771	.75527
1244.016124	.75513
1244.980478	.75485
1245.944831	.75483
1246.909185	.75504
1247.873539	.75532
1248.837892	.75546
1249.802246	.75545
1250.766599	.75563
1251.730953	.75588
1252.695307	.75576
1253.659660	.75544
1254.624014	.75519
1255.588367	.75473
1256.552721	.7537
1257.517075	.75257
1258.481428	.75173
1259.445782	.75088
1260.410135	.75007
1261.374489	.74942
1262.338842	.7485
1263.303196	.74731
1264.267550	.74629
1265.231903	.74544
1266.196257	.74441
1267.160610	.74317
1268.124964	.74186
1269.089318	.7405
1270.053671	.7391
1271.018025	.73772
1271.982378	.73666
1272.946732	.73614
1273.911085	.73574
1274.875439	.73493
1275.839793	.73383
1276.804146	.7328
1277.768500	.73192
1278.732853	.73074
1279.697207	.72904
1280.661561	.7273
1281.625914	.7258
1282.590268	.72406
1283.554621	.72185
1284.518975	.7195
1285.483328	.71705
1286.447682	.71432
1287.412036	.71148
1288.376389	.70875
1289.340743	.70594
1290.305096	.70268
1291.269450	.69914
1292.233804	.6955
1293.198157	.69149
1294.162511	.68722
1295.126864	.68325
1296.091218	.67973
1297.055572	.6766
1298.019925	.6739
1298.984279	.67175
1299.948632	.67039
1300.912986	.66972
1301.877339	.66941
1302.841693	.66947
1303.806047	.67005
1304.770400	.67101
1305.734754	.67214
1306.699107	.67339
1307.663461	.6752
1308.627815	.67803
1309.592168	.68162
1310.556522	.68551
1311.520875	.68978
1312.485229	.6947
1313.449582	.69999
1314.413936	.7051
1315.378290	.70996
1316.342643	.71454
1317.306997	.7188
1318.271350	.7231
1319.235704	.72787
1320.200058	.73297
1321.164411	.73757
1322.128765	.74117
1323.093118	.74392
1324.057472	.74614
1325.021825	.74807
1325.986179	.74953
1326.950533	.75031
1327.914886	.75054
1328.879240	.75022
1329.843593	.74922
1330.807947	.7475
1331.772301	.74502
1332.736654	.74167
1333.701008	.7371
1334.665361	.73103
1335.629715	.72332
1336.594069	.71429
1337.558422	.70462
1338.522776	.69498
1339.487129	.6865
1340.451483	.68009
1341.415836	.67532
1342.380190	.67099
1343.344544	.66643
1344.308897	.66129
1345.273251	.65505
1346.237604	.64798
1347.201958	.64064
1348.166312	.633
1349.130665	.62526
1350.095019	.61835
1351.059372	.6132
1352.023726	.61043
1352.988079	.60999
1353.952433	.61113
1354.916787	.61314
1355.881140	.61536
1356.845494	.61659
1357.809847	.61575
1358.774201	.61238
1359.738555	.60618
1360.702908	.59768
1361.667262	.58795
1362.631615	.57769
1363.595969	.5681
1364.560323	.55928
1365.524676	.54977
1366.489030	.53974
1367.453383	.53106
1368.417737	.52575
1369.382090	.52508
1370.346444	.5285
1371.310798	.53387
1372.275151	.53782
1373.239505	.5364
1374.203858	.52759
1375.168212	.51187
1376.132566	.49287
1377.096919	.47856
1378.061273	.47822
1379.025626	.49657
1379.989980	.53108
1380.954333	.57454
1381.918687	.61889
1382.883041	.65816
1383.847394	.68953
1384.811748	.71244
1385.776101	.7274
1386.740455	.73664
1387.704809	.74516
1388.669162	.75495
1389.633516	.76268
1390.597869	.76707
1391.562223	.76973
1392.526576	.7706
1393.490930	.76867
1394.455284	.76672
1395.419637	.7689
1396.383991	.77299
1397.348344	.77429
1398.312698	.77259
1399.277052	.772
1400.241405	.77445
1401.205759	.77664
1402.170112	.77662
1403.134466	.77487
1404.098820	.77189
1405.063173	.76983
1406.027527	.77022
1406.991880	.7711
1407.956234	.77073
1408.920587	.76941
1409.884941	.76758
1410.849295	.76564
1411.813648	.76391
1412.778002	.76231
1413.742355	.76036
1414.706709	.7576
1415.671063	.7536
1416.635416	.74816
1417.599770	.74037
1418.564123	.72957
1419.528477	.72234
1420.492830	.72311
1421.457184	.72276
1422.421538	.71524
1423.385891	.70307
1424.350245	.68997
1425.314598	.67629
1426.278952	.65967
1427.243306	.63904
1428.207659	.61472
1429.172013	.58739
1430.136366	.55956
1431.100720	.53341
1432.065073	.50776
1433.029427	.4821
1433.993781	.45816
1434.958134	.43536
1435.922488	.41196
1436.886841	.39213
1437.851195	.38042
1438.815549	.37101
1439.779902	.35911
1440.744256	.34651
1441.708609	.33483
1442.672963	.32425
1443.637317	.31451
1444.601670	.30511
1445.566024	.29533
1446.530377	.28413
1447.494731	.27116
1448.459084	.25709
1449.423438	.24159
1450.387792	.22257
1451.352145	.19937
1452.316499	.17298
1453.280852	.14515
1454.245206	.11894
1455.209560	.097098
1456.173913	.080293
1457.138267	.068017
1458.102620	.058629
1459.066974	.048125
1460.031327	.03506
1460.995681	.022224
1461.960035	.012672
1462.924388	.0080629
1463.888742	.0071418
1464.853095	.0076263
1465.817449	.008153
1466.781803	.0085944
1467.746156	.0094229
1468.710510	.010681
1469.674863	.011761
1470.639217	.010536
1471.603571	.0066868
1472.567924	.0037037
1473.532278	.0093344
1474.496631	.034761
1475.460985	.090502
1476.425338	.17649
1477.389692	.27119
1478.354046	.35444
1479.318399	.42236
1480.282753	.47595
1481.247106	.51831
1482.211460	.55248
1483.175814	.58009
1484.140167	.60212
1485.104521	.61936
1486.068874	.63201
1487.033228	.64232
1487.997581	.65271
1488.961935	.66124
1489.926289	.66855
1490.890642	.67903
1491.854996	.69189
1492.819349	.70244
1493.783703	.70912
1494.748057	.71104
1495.712410	.71038
1496.676764	.71487
1497.641117	.72301
1498.605471	.72944
1499.569824	.73712
1500.534178	.74591
1501.498532	.75227
1502.462885	.7569
1503.427239	.75936
1504.391592	.75499
1505.355946	.74354
1506.320300	.73595
1507.284653	.74283
1508.249007	.75743
1509.213360	.76953
1510.177714	.77741
1511.142068	.78112
1512.106421	.78266
1513.070775	.78602
1514.035128	.7895
1514.999482	.78918
1515.963835	.78525
1516.928189	.78253
1517.892543	.78631
1518.856896	.79026
1519.821250	.785
1520.785603	.77583
1521.749957	.77591
1522.714311	.78528
1523.678664	.79304
1524.643018	.79419
1525.607371	.79387
1526.571725	.79674
1527.536078	.80009
1528.500432	.80314
1529.464786	.80684
1530.429139	.80882
1531.393493	.8072
1532.357846	.80193
1533.322200	.79722
1534.286554	.80034
1535.250907	.80841
1536.215261	.81278
1537.179614	.80905
1538.143968	.79594
1539.108321	.78136
1540.072675	.77955
1541.037029	.786
1542.001382	.79257
1542.965736	.80111
1543.930089	.80737
1544.894443	.8097
1545.858797	.81486
1546.823150	.82191
1547.787504	.82483
1548.751857	.82331
1549.716211	.82151
1550.680565	.82345
1551.644918	.82696
1552.609272	.82564
1553.573625	.81919
1554.537979	.81691
1555.502332	.82063
1556.466686	.81673
1557.431040	.8006
1558.395393	.78546
1559.359747	.78428
1560.324100	.79853
1561.288454	.81877
1562.252808	.83151
1563.217161	.83414
1564.181515	.83239
1565.145868	.83223
1566.110222	.83459
1567.074575	.83525
1568.038929	.83055
1569.003283	.82297
1569.967636	.82189
1570.931990	.82912
1571.896343	.83527
1572.860697	.83665
1573.825051	.83416
1574.789404	.82525
1575.753758	.81341
1576.718111	.81373
1577.682465	.82484
1578.646819	.83228
1579.611172	.8341
1580.575526	.83398
1581.539879	.83367
1582.504233	.83351
1583.468586	.83321
1584.432940	.83283
1585.397294	.8325
1586.361647	.83225
1587.326001	.83202
1588.290354	.83179
1589.254708	.83162
1590.219062	.83158
1591.183415	.83172
1592.147769	.83198
1593.112122	.83207
1594.076476	.83184
1595.040829	.83205
1596.005183	.83293
1596.969537	.83394
1597.933890	.83475
1598.898244	.83542
1599.862597	.83593
1600.826951	.8361
1601.791305	.83606
1602.755658	.83635
1603.720012	.83739
1604.684365	.8385
1605.648719	.8387
1606.613072	.83829
1607.577426	.83809
1608.541780	.83827
1609.506133	.83894
1610.470487	.8403
1611.434840	.84153
1612.399194	.84204
1613.363548	.84207
1614.327901	.84026
1615.292255	.83259
1616.256608	.82192
1617.220962	.82275
1618.185316	.83388
1619.149669	.84087
1620.114023	.84211
1621.078376	.84104
1622.042730	.83678
1623.007083	.83093
1623.971437	.83084
1624.935791	.83638
1625.900144	.83912
1626.864498	.83676
1627.828851	.83464
1628.793205	.83662
1629.757559	.83953
1630.721912	.84034
1631.686266	.83993
1632.650619	.83829
1633.614973	.83157
1634.579326	.81811
1635.543680	.81004
1636.508034	.8169
1637.472387	.82702
1638.436741	.83299
1639.401094	.83604
1640.365448	.8371
1641.329802	.8372
1642.294155	.83712
1643.258509	.8365
1644.222862	.83248
1645.187216	.82347
1646.151569	.81659
1647.115923	.81866
1648.080277	.82606
1649.044630	.83431
1650.008984	.83859
1650.973337	.83134
1651.937691	.81009
1652.902045	.7923
1653.866398	.802
1654.830752	.82454
1655.795105	.84058
1656.759459	.84812
1657.723813	.85109
1658.688166	.85265
1659.652520	.85349
1660.616873	.85251
1661.581227	.84795
1662.545580	.84387
1663.509934	.84689
1664.474288	.85335
1665.438641	.85665
1666.402995	.85666
1667.367348	.85306
1668.331702	.84514
1669.296056	.84004
1670.260409	.84301
1671.224763	.84839
1672.189116	.85301
1673.153470	.85461
1674.117823	.8483
1675.082177	.8408
1676.046531	.84523
1677.010884	.85543
1677.975238	.85996
1678.939591	.85888
1679.903945	.85687
1680.868299	.85629
1681.832652	.85306
1682.797006	.84188
1683.761359	.8271
1684.725713	.8247
1685.690067	.83888
1686.654420	.85172
1687.618774	.8552
1688.583127	.85449
1689.547481	.85403
1690.511834	.85457
1691.476188	.85565
1692.440542	.85568
1693.404895	.8522
1694.369249	.84116
1695.333602	.82582
1696.297956	.82316
1697.262310	.83301
1698.226663	.83436
1699.191017	.81908
1700.155370	.8034
1701.119724	.81187
1702.084077	.82987
1703.048431	.83615
1704.012785	.83312
1704.977138	.82936
1705.941492	.82792
1706.905845	.82948
1707.870199	.83274
1708.834553	.83402
1709.798906	.83322
1710.763260	.83316
1711.727613	.83369
1712.691967	.83256
1713.656320	.82876
1714.620674	.82514
1715.585028	.82393
1716.549381	.8208
1717.513735	.81697
1718.478088	.8224
1719.442442	.83469
1720.406796	.84298
1721.371149	.84477
1722.335503	.8434
1723.299856	.84222
1724.264210	.8432
1725.228564	.84601
1726.192917	.84898
1727.157271	.85109
1728.121624	.8516
1729.085978	.85008
1730.050331	.84895
1731.014685	.84947
1731.979039	.84597
1732.943392	.83404
1733.907746	.82315
1734.872099	.82866
1735.836453	.8431
1736.800807	.85112
1737.765160	.8509
1738.729514	.84573
1739.693867	.84173
1740.658221	.84523
1741.622574	.85083
1742.586928	.85201
1743.551282	.85218
1744.515635	.85451
1745.479989	.85642
1746.444342	.85603
1747.408696	.85417
1748.373050	.85294
1749.337403	.85265
1750.301757	.85042
1751.266110	.84914
1752.230464	.85476
1753.194817	.8621
1754.159171	.86501
1755.123525	.86384
1756.087878	.86066
1757.052232	.85969
1758.016585	.86247
1758.980939	.86506
1759.945293	.86409
1760.909646	.85935
1761.874000	.85648
1762.838353	.86013
1763.802707	.86516
1764.767061	.86717
1765.731414	.86683
1766.695768	.86371
1767.660121	.8593
1768.624475	.85906
1769.588828	.86133
1770.553182	.8586
1771.517536	.85091
1772.481889	.84763
1773.446243	.8543
1774.410596	.86245
1775.374950	.8654
1776.339304	.86634
1777.303657	.86743
1778.268011	.86709
1779.232364	.8648
1780.196718	.86207
1781.161071	.86154
1782.125425	.8631
1783.089779	.86386
1784.054132	.86298
1785.018486	.8632
1785.982839	.86617
1786.947193	.86929
1787.911547	.87081
1788.875900	.87094
1789.840254	.86898
1790.804607	.86447
1791.768961	.85915
1792.733315	.85844
1793.697668	.86419
1794.662022	.86926
1795.626375	.87026
1796.590729	.8706
1797.555082	.8709
1798.519436	.86906
1799.483790	.8664
1800.448143	.86563
1801.412497	.86607
1802.376850	.86673
1803.341204	.86817
1804.305558	.86949
1805.269911	.86974
1806.234265	.86921
1807.198618	.86853
1808.162972	.86799
1809.127325	.86688
1810.091679	.86508
1811.056033	.86428
1812.020386	.86497
1812.984740	.8657
1813.949093	.86589
1814.913447	.8657
1815.877801	.86502
1816.842154	.8641
1817.806508	.86378
1818.770861	.86419
1819.735215	.86464
1820.699568	.86493
1821.663922	.86525
1822.628276	.86549
1823.592629	.86454
1824.556983	.86235
1825.521336	.8626
1826.485690	.86626
1827.450044	.86863
1828.414397	.86668
1829.378751	.86299
1830.343104	.86348
1831.307458	.86846
1832.271812	.87239
1833.236165	.87368
1834.200519	.87415
1835.164872	.87439
1836.129226	.87424
1837.093579	.87425
1838.057933	.87497
1839.022287	.87602
1839.986640	.87658
1840.950994	.8764
1841.915347	.87485
1842.879701	.86984
1843.844055	.86393
1844.808408	.86545
1845.772762	.8724
1846.737115	.87594
1847.701469	.87617
1848.665822	.87689
1849.630176	.87805
1850.594530	.87844
1851.558883	.87828
1852.523237	.87816
1853.487590	.87806
1854.451944	.87783
1855.416298	.87763
1856.380651	.87749
1857.345005	.87711
1858.309358	.87657
1859.273712	.87623
1860.238065	.87593
1861.202419	.87552
1862.166773	.87512
1863.131126	.8747
1864.095480	.87393
1865.059833	.87275
1866.024187	.87105
1866.988541	.86851
1867.952894	.86498
1868.917248	.86234
1869.881601	.86357
1870.845955	.86719
1871.810309	.86941
1872.774662	.86968
1873.739016	.86918
1874.703369	.86862
1875.667723	.8683
1876.632076	.868
1877.596430	.86753
1878.560784	.86694
1879.525137	.86626
1880.489491	.86558
1881.453844	.86506
1882.418198	.86454
1883.382552	.86361
1884.346905	.86229
1885.311259	.86111
1886.275612	.8601
1887.239966	.85834
1888.204319	.85479
1889.168673	.85051
1890.133027	.8483
1891.097380	.84786
1892.061734	.8467
1893.026087	.84457
1893.990441	.84241
1894.954795	.84086
1895.919148	.84042
1896.883502	.8408
1897.847855	.84134
1898.812209	.84192
1899.776562	.84283
1900.740916	.84417
1901.705270	.84581
1902.669623	.84764
1903.633977	.84924
1904.598330	.85046
1905.562684	.8517
1906.527038	.85294
1907.491391	.85379
1908.455745	.85429
1909.420098	.85485
1910.384452	.85606
1911.348806	.85772
1912.313159	.85892
1913.277513	.8596
1914.241866	.86014
1915.206220	.86042
1916.170573	.8595
1917.134927	.85703
1918.099281	.85592
1919.063634	.85816
1920.027988	.86083
1920.992341	.86139
1921.956695	.86034
1922.921049	.85974
1923.885402	.86093
1924.849756	.86239
1925.814109	.8627
1926.778463	.86272
1927.742816	.86299
1928.707170	.86321
1929.671524	.86313
1930.635877	.86294
1931.600231	.86286
1932.564584	.86279
1933.528938	.86276
1934.493292	.86281
1935.457645	.86278
1936.421999	.86256
1937.386352	.86244
1938.350706	.86264
1939.315060	.86291
1940.279413	.86267
1941.243767	.86141
1942.208120	.85998
1943.172474	.86044
1944.136827	.86241
1945.101181	.86369
1946.065535	.86391
1947.029888	.864
1947.994242	.86427
1948.958595	.86455
1949.922949	.86491
1950.887303	.86549
1951.851656	.86589
1952.816010	.86584
1953.780363	.86574
1954.744717	.86594
1955.709070	.86635
1956.673424	.86677
1957.637778	.86699
1958.602131	.86705
1959.566485	.86721
1960.530838	.86738
1961.495192	.86744
1962.459546	.86753
1963.423899	.86785
1964.388253	.8683
1965.352606	.86841
1966.316960	.86814
1967.281313	.86818
1968.245667	.86897
1969.210021	.86995
1970.174374	.87041
1971.138728	.87037
1972.103081	.8703
1973.067435	.87036
1974.031789	.87038
1974.996142	.8703
1975.960496	.8702
1976.924849	.87013
1977.889203	.87009
1978.853557	.86997
1979.817910	.86964
1980.782264	.86925
1981.746617	.86902
1982.710971	.86889
1983.675324	.86877
1984.639678	.86868
1985.604032	.86835
1986.568385	.86765
1987.532739	.867
1988.497092	.86671
1989.461446	.86654
1990.425800	.86568
1991.390153	.86434
1992.354507	.86398
1993.318860	.8646
1994.283214	.86484
1995.247567	.86454
1996.211921	.8641
1997.176275	.86343
1998.140628	.86269
1999.104982	.86214
2000.069335	.86145
2001.033689	.86042
2001.998043	.85944
2002.962396	.8586
2003.926750	.8575
2004.891103	.85608
2005.855457	.85453
2006.819810	.85277
2007.784164	.85068
2008.748518	.84829
2009.712871	.84558
2010.677225	.84243
2011.641578	.83878
2012.605932	.8346
2013.570286	.82996
2014.534639	.82514
2015.498993	.82072
2016.463346	.81755
2017.427700	.8161
2018.392054	.81588
2019.356407	.81628
2020.320761	.81725
2021.285114	.81867
2022.249468	.82033
2023.213821	.82223
2024.178175	.82439
2025.142529	.82652
2026.106882	.82844
2027.071236	.83027
2028.035589	.83209
2028.999943	.83379
2029.964297	.83515
2030.928650	.83618
2031.893004	.83722
2032.857357	.83832
2033.821711	.8393
2034.786064	.84021
2035.750418	.84114
2036.714772	.84198
2037.679125	.84279
2038.643479	.84364
2039.607832	.84433
2040.572186	.84484
2041.536540	.84548
2042.500893	.84639
2043.465247	.84736
2044.429600	.84803
2045.393954	.84844
2046.358308	.84888
2047.322661	.84943
2048.287015	.85008
2049.251368	.85071
2050.215722	.8512
2051.180075	.85165
2052.144429	.85224
2053.108783	.85285
2054.073136	.85338
2055.037490	.8539
2056.001843	.85449
2056.966197	.85509
2057.930551	.85549
2058.894904	.8557
2059.859258	.85608
2060.823611	.85674
2061.787965	.85744
2062.752318	.85792
2063.716672	.85806
2064.681026	.85831
2065.645379	.85895
2066.609733	.85955
2067.574086	.85999
2068.538440	.86038
2069.502794	.86063
2070.467147	.86103
2071.431501	.86175
2072.395854	.86243
2073.360208	.86289
2074.324561	.86323
2075.288915	.86352
2076.253269	.86394
2077.217622	.86444
2078.181976	.86476
2079.146329	.86501
2080.110683	.86544
2081.075037	.86587
2082.039390	.86611
2083.003744	.86633
2083.968097	.86676
2084.932451	.86718
2085.896805	.86726
2086.861158	.8673
2087.825512	.86763
2088.789865	.8679
2089.754219	.8678
2090.718572	.86769
2091.682926	.86779
2092.647280	.86783
2093.611633	.86774
2094.575987	.86774
2095.540340	.86785
2096.504694	.86791
2097.469048	.86774
2098.433401	.86739
2099.397755	.8671
2100.362108	.86696
2101.326462	.86683
2102.290815	.86656
2103.255169	.86631
2104.219523	.8663
2105.183876	.86632
2106.148230	.86611
2107.112583	.86585
2108.076937	.86582
2109.041291	.86581
2110.005644	.86561
2110.969998	.86538
2111.934351	.86538
2112.898705	.86549
2113.863058	.86533
2114.827412	.86497
2115.791766	.86492
2116.756119	.86525
2117.720473	.86549
2118.684826	.86546
2119.649180	.86534
2120.613534	.86522
2121.577887	.86512
2122.542241	.86501
2123.506594	.86487
2124.470948	.86481
2125.435302	.86493
2126.399655	.86498
2127.364009	.86481
2128.328362	.86465
2129.292716	.86458
2130.257069	.86433
2131.221423	.8639
2132.185777	.8635
2133.150130	.86293
2134.114484	.86206
2135.078837	.86127
2136.043191	.86077
2137.007545	.8603
2137.971898	.85975
2138.936252	.85922
2139.900605	.85856
2140.864959	.85768
2141.829312	.85692
2142.793666	.85642
2143.758020	.85582
2144.722373	.85498
2145.686727	.85423
2146.651080	.85378
2147.615434	.85345
2148.579788	.85321
2149.544141	.85321
2150.508495	.85331
2151.472848	.85329
2152.437202	.85322
2153.401556	.85322
2154.365909	.85342
2155.330263	.85373
2156.294616	.854
2157.258970	.85424
2158.223323	.85451
2159.187677	.85475
2160.152031	.85493
2161.116384	.85509
2162.080738	.85525
2163.045091	.85544
2164.009445	.85567
2164.973799	.85589
2165.938152	.85599
2166.902506	.85605
2167.866859	.85614
2168.831213	.85619
2169.795566	.85627
2170.759920	.85641
2171.724274	.8563
2172.688627	.85616
2173.652981	.85636
2174.617334	.85647
2175.581688	.85617
2176.546042	.85583
2177.510395	.85572
2178.474749	.85577
2179.439102	.85587
2180.403456	.85599
2181.367809	.8561
2182.332163	.85611
2183.296517	.85609
2184.260870	.85626
2185.225224	.85658
2186.189577	.85684
2187.153931	.85705
2188.118285	.85727
2189.082638	.85754
2190.046992	.85789
2191.011345	.85822
2191.975699	.85836
2192.940053	.85847
2193.904406	.8588
2194.868760	.85921
2195.833113	.85943
2196.797467	.85953
2197.761820	.85967
2198.726174	.85983
2199.690528	.85992
2200.654881	.85988
2201.619235	.85982
2202.583588	.85994
2203.547942	.86012
2204.512296	.86016
2205.476649	.86011
2206.441003	.86002
2207.405356	.85984
2208.369710	.8596
2209.334063	.85946
2210.298417	.85933
2211.262771	.85894
2212.227124	.85835
2213.191478	.85785
2214.155831	.85748
2215.120185	.8571
2216.084539	.85675
2217.048892	.85651
2218.013246	.85627
2218.977599	.85583
2219.941953	.85528
2220.906306	.85492
2221.870660	.85477
2222.835014	.85476
2223.799367	.85493
2224.763721	.85503
2225.728074	.85494
2226.692428	.85493
2227.656782	.85507
2228.621135	.85512
2229.585489	.85498
2230.549842	.85474
2231.514196	.85457
2232.478550	.85439
2233.442903	.85377
2234.407257	.85269
2235.371610	.85156
2236.335964	.85039
2237.300317	.84907
2238.264671	.84782
2239.229025	.8466
2240.193378	.84517
2241.157732	.84396
2242.122085	.84344
2243.086439	.84326
2244.050793	.84326
2245.015146	.84356
2245.979500	.84378
2246.943853	.84382
2247.908207	.84415
2248.872560	.84481
2249.836914	.84539
2250.801268	.84591
2251.765621	.84639
2252.729975	.84667
2253.694328	.84687
2254.658682	.84704
2255.623036	.84698
2256.587389	.84675
2257.551743	.84656
2258.516096	.84642
2259.480450	.84617
2260.444804	.84583
2261.409157	.84563
2262.373511	.84557
2263.337864	.84522
2264.302218	.84441
2265.266571	.84352
2266.230925	.8427
2267.195279	.8418
2268.159632	.84071
2269.123986	.83952
2270.088339	.83825
2271.052693	.8368
2272.017047	.83527
2272.981400	.83387
2273.945754	.83268
2274.910107	.83187
2275.874461	.83146
2276.838814	.8311
2277.803168	.83063
2278.767522	.83026
2279.731875	.83002
2280.696229	.82986
2281.660582	.8298
2282.624936	.82975
2283.589290	.82951
2284.553643	.82907
2285.517997	.82852
2286.482350	.82797
2287.446704	.82754
2288.411057	.82702
2289.375411	.82648
2290.339765	.82617
2291.304118	.82574
2292.268472	.82492
2293.232825	.82411
2294.197179	.82345
2295.161533	.82279
2296.125886	.82229
2297.090240	.82174
2298.054593	.82086
2299.018947	.81991
2299.983301	.8191
2300.947654	.81833
2301.912008	.8174
2302.876361	.81633
2303.840715	.81524
2304.805068	.81415
2305.769422	.81307
2306.733776	.81209
2307.698129	.81098
2308.662483	.80931
2309.626836	.80733
2310.591190	.8055
2311.555544	.80375
2312.519897	.80204
2313.484251	.80036
2314.448604	.79859
2315.412958	.79662
2316.377311	.79476
2317.341665	.79299
2318.306019	.79073
2319.270372	.78809
2320.234726	.78561
2321.199079	.78329
2322.163433	.781
2323.127787	.77893
2324.092140	.77736
2325.056494	.77603
2326.020847	.77471
2326.985201	.77338
2327.949554	.77186
2328.913908	.77034
2329.878262	.76941
2330.842615	.76913
2331.806969	.76925
2332.771322	.76939
2333.735676	.76924
2334.700030	.76888
2335.664383	.76839
2336.628737	.76789
2337.593090	.76766
2338.557444	.76747
2339.521798	.7669
2340.486151	.76619
2341.450505	.76588
2342.414858	.76575
2343.379212	.7656
2344.343565	.76621
2345.307919	.76823
2346.272273	.77185
2347.236626	.77707
2348.200980	.78224
2349.165333	.7847
2350.129687	.78411
2351.094041	.78263
2352.058394	.78197
2353.022748	.78183
2353.987101	.78182
2354.951455	.78236
2355.915808	.78346
2356.880162	.78477
2357.844516	.7861
2358.808869	.78738
2359.773223	.78865
2360.737576	.78992
2361.701930	.79151
2362.666284	.79361
2363.630637	.79562
2364.594991	.79745
2365.559344	.7994
2366.523698	.8013
2367.488052	.8031
2368.452405	.80504
2369.416759	.80727
2370.381112	.8096
2371.345466	.81181
2372.309819	.81392
2373.274173	.81593
2374.238527	.81784
2375.202880	.81979
2376.167234	.8219
2377.131587	.82414
2378.095941	.82639
2379.060295	.82857
2380.024648	.83064
2380.989002	.8324
2381.953355	.83384
2382.917709	.83513
2383.882062	.83614
2384.846416	.83673
2385.810770	.83713
2386.775123	.83739
2387.739477	.8375
2388.703830	.83768
2389.668184	.83781
2390.632538	.83759
2391.596891	.83723
2392.561245	.83692
2393.525598	.83665
2394.489952	.8365
2395.454305	.83648
2396.418659	.8363
2397.383013	.83602
2398.347366	.83593
2399.311720	.83574
2400.276073	.83517
2401.240427	.83465
2402.204781	.83446
2403.169134	.83432
2404.133488	.83414
2405.097841	.83388
2406.062195	.83342
2407.026549	.83293
2407.990902	.83246
2408.955256	.83188
2409.919609	.83114
2410.883963	.83034
2411.848316	.82944
2412.812670	.82856
2413.777024	.82803
2414.741377	.8278
2415.705731	.82765
2416.670084	.82763
2417.634438	.82785
2418.598792	.82839
2419.563145	.82911
2420.527499	.82985
2421.491852	.8309
2422.456206	.83232
2423.420559	.83358
2424.384913	.83447
2425.349267	.83518
2426.313620	.83591
2427.277974	.83668
2428.242327	.83732
2429.206681	.83787
2430.171035	.83852
2431.135388	.83913
2432.099742	.8395
2433.064095	.83974
2434.028449	.84015
2434.992802	.84066
2435.957156	.84106
2436.921510	.84134
2437.885863	.84147
2438.850217	.84157
2439.814570	.84198
2440.778924	.84241
2441.743278	.84242
2442.707631	.8423
2443.671985	.84231
2444.636338	.84217
2445.600692	.842
2446.565046	.8421
2447.529399	.84224
2448.493753	.84197
2449.458106	.84148
2450.422460	.84118
2451.386813	.84106
2452.351167	.84091
2453.315521	.84063
2454.279874	.84039
2455.244228	.84023
2456.208581	.84003
2457.172935	.83986
2458.137289	.83983
2459.101642	.83974
2460.065996	.8394
2461.030349	.83896
2461.994703	.83861
2462.959056	.83819
2463.923410	.83761
2464.887764	.83697
2465.852117	.83631
2466.816471	.83554
2467.780824	.83449
2468.745178	.83312
2469.709532	.83139
2470.673885	.82945
2471.638239	.82774
2472.602592	.82658
2473.566946	.8261
2474.531300	.82616
2475.495653	.8264
2476.460007	.8266
2477.424360	.82669
2478.388714	.82677
2479.353067	.82698
2480.317421	.82713
2481.281775	.82708
2482.246128	.82698
2483.210482	.82687
2484.174835	.82676
2485.139189	.82672
2486.103543	.82661
2487.067896	.82628
2488.032250	.82581
2488.996603	.82534
2489.960957	.82493
2490.925310	.82474
2491.889664	.82462
2492.854018	.82409
2493.818371	.82323
2494.782725	.82251
2495.747078	.82209
2496.711432	.82182
2497.675786	.82157
2498.640139	.82114
2499.604493	.82046
2500.568846	.81983
2501.533200	.81945
2502.497553	.81904
2503.461907	.81842
2504.426261	.81765
2505.390614	.81685
2506.354968	.81604
2507.319321	.81514
2508.283675	.81424
2509.248029	.81331
2510.212382	.81228
2511.176736	.81122
2512.141089	.81015
2513.105443	.80894
2514.069797	.80762
2515.034150	.80638
2515.998504	.80519
2516.962857	.80376
2517.927211	.80223
2518.891564	.8008
2519.855918	.79901
2520.820272	.79677
2521.784625	.79457
2522.748979	.79239
2523.713332	.79015
2524.677686	.7883
2525.642040	.78714
2526.606393	.78649
2527.570747	.78618
2528.535100	.7862
2529.499454	.7866
2530.463807	.78723
2531.428161	.78778
2532.392515	.78834
2533.356868	.78927
2534.321222	.7905
2535.285575	.79154
2536.249929	.79227
2537.214283	.79276
2538.178636	.79283
2539.142990	.79251
2540.107343	.79188
2541.071697	.79072
2542.036050	.78907
2543.000404	.78702
2543.964758	.7845
2544.929111	.78195
2545.893465	.77985
2546.857818	.77811
2547.822172	.77663
2548.786526	.77559
2549.750879	.77484
2550.715233	.77417
2551.679586	.77355
2552.643940	.773
2553.608294	.77243
2554.572647	.7719
2555.537001	.77145
2556.501354	.77083
2557.465708	.76995
2558.430061	.76905
2559.394415	.76836
2560.358769	.7677
2561.323122	.76675
2562.287476	.76555
2563.251829	.76433
2564.216183	.76316
2565.180537	.76202
2566.144890	.76088
2567.109244	.75966
2568.073597	.75834
2569.037951	.75706
2570.002304	.75583
2570.966658	.75446
2571.931012	.75292
2572.895365	.75132
2573.859719	.74974
2574.824072	.7483
2575.788426	.74681
2576.752780	.74511
2577.717133	.74319
2578.681487	.74121
2579.645840	.73958
2580.610194	.73832
2581.574547	.73689
2582.538901	.735
2583.503255	.73294
2584.467608	.73108
2585.431962	.72947
2586.396315	.7278
2587.360669	.72575
2588.325023	.72338
2589.289376	.72099
2590.253730	.71873
2591.218083	.71649
2592.182437	.71418
2593.146791	.71197
2594.111144	.70993
2595.075498	.70789
2596.039851	.70589
2597.004205	.70416
2597.968558	.70269
2598.932912	.7012
2599.897266	.6995
2600.861619	.69759
2601.825973	.69567
2602.790326	.69386
2603.754680	.69205
2604.719034	.69015
2605.683387	.68791
2606.647741	.6853
2607.612094	.68271
2608.576448	.68043
2609.540801	.67825
2610.505155	.6758
2611.469509	.67293
2612.433862	.66986
2613.398216	.66688
2614.362569	.66399
2615.326923	.66107
2616.291277	.65795
2617.255630	.65471
2618.219984	.65167
2619.184337	.64883
2620.148691	.6458
2621.113045	.64246
2622.077398	.63909
2623.041752	.63586
2624.006105	.63263
2624.970459	.62931
2625.934812	.62592
2626.899166	.62251
2627.863520	.6191
2628.827873	.61564
2629.792227	.61213
2630.756580	.60881
2631.720934	.60592
2632.685288	.60342
2633.649641	.60136
2634.613995	.59984
2635.578348	.59872
2636.542702	.59797
2637.507055	.59784
2638.471409	.59829
2639.435763	.59895
2640.400116	.5997
2641.364470	.60065
2642.328823	.6018
2643.293177	.60283
2644.257531	.60346
2645.221884	.60374
2646.186238	.60381
2647.150591	.6038
2648.114945	.60372
2649.079298	.60326
2650.043652	.60243
2651.008006	.60151
2651.972359	.60041
2652.936713	.5992
2653.901066	.59821
2654.865420	.59717
2655.829774	.5959
2656.794127	.5948
2657.758481	.59393
2658.722834	.59312
2659.687188	.59249
2660.651542	.59195
2661.615895	.59142
2662.580249	.59106
2663.544602	.59093
2664.508956	.59102
2665.473309	.59139
2666.437663	.59202
2667.402017	.59276
2668.366370	.59364
2669.330724	.59481
2670.295077	.59623
2671.259431	.59769
2672.223785	.59926
2673.188138	.60109
2674.152492	.60304
2675.116845	.60486
2676.081199	.60649
2677.045552	.6081
2678.009906	.60962
2678.974260	.61089
2679.938613	.61201
2680.902967	.61321
2681.867320	.61433
2682.831674	.61523
2683.796028	.61618
2684.760381	.61728
2685.724735	.61845
2686.689088	.61975
2687.653442	.62107
2688.617795	.62228
2689.582149	.6235
2690.546503	.6248
2691.510856	.62613
2692.475210	.62736
2693.439563	.62824
2694.403917	.62893
2695.368271	.62976
2696.332624	.63039
2697.296978	.63037
2698.261331	.62985
2699.225685	.62918
2700.190039	.62839
2701.154392	.62744
2702.118746	.62637
2703.083099	.62508
2704.047453	.62353
2705.011806	.622
2705.976160	.62066
2706.940514	.61935
2707.904867	.61785
2708.869221	.61621
2709.833574	.61466
2710.797928	.6133
2711.762282	.61201
2712.726635	.61073
2713.690989	.60948
2714.655342	.60815
2715.619696	.60668
2716.584049	.60518
2717.548403	.60357
2718.512757	.60177
2719.477110	.6
2720.441464	.59824
2721.405817	.59629
2722.370171	.59406
2723.334525	.59161
2724.298878	.58905
2725.263232	.58647
2726.227585	.58405
2727.191939	.58178
2728.156293	.57955
2729.120646	.57758
2730.085000	.57605
2731.049353	.57482
2732.013707	.57375
2732.978060	.57266
2733.942414	.57167
2734.906768	.57107
2735.871121	.57067
2736.835475	.57032
2737.799828	.57013
2738.764182	.56998
2739.728536	.56988
2740.692889	.56992
2741.657243	.57007
2742.621596	.5705
2743.585950	.57119
2744.550303	.57173
2745.514657	.57205
2746.479011	.57246
2747.443364	.57308
2748.407718	.57365
2749.372071	.57379
2750.336425	.5735
2751.300779	.5729
2752.265132	.57183
2753.229486	.57044
2754.193839	.56909
2755.158193	.56759
2756.122546	.56562
2757.086900	.56336
2758.051254	.56101
2759.015607	.55855
2759.979961	.55606
2760.944314	.55374
2761.908668	.55159
2762.873022	.54927
2763.837375	.54665
2764.801729	.54392
2765.766082	.54102
2766.730436	.53782
2767.694790	.53453
2768.659143	.53129
2769.623497	.52806
2770.587850	.5247
2771.552204	.52089
2772.516557	.51655
2773.480911	.51212
2774.445265	.50776
2775.409618	.5032
2776.373972	.49831
2777.338325	.49313
2778.302679	.48775
2779.267033	.48211
2780.231386	.47597
2781.195740	.46949
2782.160093	.46301
2783.124447	.45644
2784.088800	.44949
2785.053154	.44212
2786.017508	.43463
2786.981861	.42702
2787.946215	.41915
2788.910568	.41108
2789.874922	.40297
2790.839276	.39493
2791.803629	.38703
2792.767983	.37915
2793.732336	.37132
2794.696690	.36364
2795.661043	.3559
2796.625397	.34806
2797.589751	.34054
2798.554104	.33352
2799.518458	.32644
2800.482811	.31892
2801.447165	.31128
2802.411519	.30391
2803.375872	.29686
2804.340226	.28984
2805.304579	.28254
2806.268933	.27508
2807.233287	.26756
2808.197640	.25985
2809.161994	.25204
2810.126347	.24448
2811.090701	.23695
2812.055054	.22891
2813.019408	.22058
2813.983762	.21231
2814.948115	.20392
2815.912469	.19543
2816.876822	.1869
2817.841176	.17816
2818.805530	.16924
2819.769883	.16032
2820.734237	.15121
2821.698590	.14177
2822.662944	.1322
2823.627297	.12277
2824.591651	.11345
2825.556005	.10404
2826.520358	.094519
2827.484712	.085116
2828.449065	.07588
2829.413419	.066548
2830.377773	.057252
2831.342126	.048501
2832.306480	.04032
2833.270833	.032508
2834.235187	.025316
2835.199541	.018975
2836.163894	.013416
2837.128248	.0087532
2838.092601	.0053042
2839.056955	.0032131
2840.021308	.0023539
2840.985662	.0022369
2841.950016	.0022142
2842.914369	.0020036
2843.878723	.0016936
2844.843076	.0015823
2845.807430	.0018205
2846.771784	.0021247
2847.736137	.0019948
2848.700491	.001705
2849.664844	.0017852
2850.629198	.001989
2851.593551	.0018526
2852.557905	.0015635
2853.522259	.0014618
2854.486612	.0015083
2855.450966	.0015765
2856.415319	.0016
2857.379673	.0014416
2858.344027	.0011934
2859.308380	.0010328
2860.272734	.0010008
2861.237087	.0011317
2862.201441	.001311
2863.165794	.0013107
2864.130148	.0012628
2865.094502	.0013539
2866.058855	.0015522
2867.023209	.0016492
2867.987562	.0016939
2868.951916	.0018694
2869.916270	.0020222
2870.880623	.0021156
2871.844977	.0021732
2872.809330	.0022184
2873.773684	.0024841
2874.738038	.0028154
2875.702391	.002885
2876.666745	.0027419
2877.631098	.0025038
2878.595452	.0021652
2879.559805	.0018335
2880.524159	.0015764
2881.488513	.0013102
2882.452866	.0010735
2883.417220	.0010273
2884.381573	.0011181
2885.345927	.0011527
2886.310281	.0010841
2887.274634	.0010327
2888.238988	.0010104
2889.203341	.000945
2890.167695	.0007805
2891.132048	.0006354
2892.096402	.0006571
2893.060756	.000705
2894.025109	.0006794
2894.989463	.0007345
2895.953816	.0007276
2896.918170	.0006776
2897.882524	.0007177
2898.846877	.0006581
2899.811231	.0004304
2900.775584	.0002787
2901.739938	.0002319
2902.704291	.0002893
2903.668645	.000469
2904.632999	.0004915
2905.597352	.0002388
2906.561706	.0002255
2907.526059	.0005337
2908.490413	.0007468
2909.454767	.0007262
2910.419120	.0007307
2911.383474	.0008675
2912.347827	.0009765
2913.312181	.000878
2914.276535	.0006231
2915.240888	.0003103
2916.205242	.0000163
2917.169595	-.0001634
2918.133949	.0003408
2919.098302	.0004875
2920.062656	.0005169
2921.027010	.0003292
2921.991363	.0000555
2922.955717	.0001407
2923.920070	.000491
2924.884424	.0006283
2925.848778	.0005877
2926.813131	.0005303
2927.777485	.0005215
2928.741838	.0004163
2929.706192	.0003198
2930.670545	.000257
2931.634899	.0002494
2932.599253	.0003431
2933.563606	.0004095
2934.527960	.0004344
2935.492313	.0004878
2936.456667	.0003958
2937.421021	.0003929
2938.385374	.0006448
2939.349728	.0007241
2940.314081	.0004571
2941.278435	.0003095
2942.242789	.0003156
2943.207142	.0003627
2944.171496	.0003116
2945.135849	.0005019
2946.100203	.0009231
2947.064556	.0012812
2948.028910	.0015412
2948.993264	.0019081
2949.957617	.0024776
2950.921971	.0030431
2951.886324	.0033641
2952.850678	.0034575
2953.815032	.0036792
2954.779385	.0043666
2955.743739	.0053123
2956.708092	.0061489
2957.672446	.0069127
2958.636799	.0077533
2959.601153	.0089327
2960.565507	.010797
2961.529860	.013268
2962.494214	.016201
2963.458567	.019667
2964.422921	.023993
2965.387275	.029698
2966.351628	.036852
2967.315982	.045179
2968.280335	.054764
2969.244689	.065917
2970.209042	.078587
2971.173396	.092426
2972.137750	.1071
2973.102103	.12242
2974.066457	.13849
2975.030810	.15531
2975.995164	.17225
2976.959518	.18887
2977.923871	.20519
2978.888225	.22122
2979.852578	.23693
2980.816932	.25228
2981.781286	.26702
2982.745639	.28103
2983.709993	.29456
2984.674346	.30758
2985.638700	.31976
2986.603053	.33127
2987.567407	.34227
2988.531761	.3526
2989.496114	.36253
2990.460468	.37225
2991.424821	.38146
2992.389175	.39017
2993.353529	.39856
2994.317882	.40634
2995.282236	.41344
2996.246589	.42033
2997.210943	.42714
2998.175296	.43362
2999.139650	.43976
3000.104004	.44582
3001.068357	.45181
3002.032711	.45736
3002.997064	.46243
3003.961418	.46727
3004.925772	.47198
3005.890125	.47656
3006.854479	.48108
3007.818832	.48557
3008.783186	.48983
3009.747539	.49367
3010.711893	.4973
3011.676247	.50106
3012.640600	.50489
3013.604954	.50853
3014.569307	.51186
3015.533661	.51504
3016.498015	.51831
3017.462368	.52154
3018.426722	.52455
3019.391075	.52746
3020.355429	.53033
3021.319783	.53315
3022.284136	.53602
3023.248490	.53883
3024.212843	.54156
3025.177197	.5445
3026.141550	.54762
3027.105904	.55052
3028.070258	.5532
3029.034611	.55612
3029.998965	.55933
3030.963318	.56265
3031.927672	.56612
3032.892026	.56964
3033.856379	.57314
3034.820733	.57688
3035.785086	.58085
3036.749440	.5848
3037.713793	.58877
3038.678147	.59304
3039.642501	.59736
3040.606854	.60135
3041.571208	.60522
3042.535561	.60921
3043.499915	.61332
3044.464269	.61753
3045.428622	.62157
3046.392976	.62533
3047.357329	.629
3048.321683	.63245
3049.286037	.63566
3050.250390	.6389
3051.214744	.64212
3052.179097	.64509
3053.143451	.64786
3054.107804	.65063
3055.072158	.65329
3056.036512	.65578
3057.000865	.6584
3057.965219	.66119
3058.929572	.66375
3059.893926	.66587
3060.858280	.66773
3061.822633	.66965
3062.786987	.6716
3063.751340	.67352
3064.715694	.67553
3065.680047	.67742
3066.644401	.67911
3067.608755	.68106
3068.573108	.68321
3069.537462	.68495
3070.501815	.68647
3071.466169	.68831
3072.430523	.69014
3073.394876	.69145
3074.359230	.69248
3075.323583	.69374
3076.287937	.69516
3077.252290	.69653
3078.216644	.69785
3079.180998	.69912
3080.145351	.70049
3081.109705	.70223
3082.074058	.70413
3083.038412	.70584
3084.002766	.70748
3084.967119	.70935
3085.931473	.71157
3086.895826	.71423
3087.860180	.71717
3088.824534	.72006
3089.788887	.72301
3090.753241	.72643
3091.717594	.73024
3092.681948	.73444
3093.646301	.7392
3094.610655	.74386
3095.575009	.74804
3096.539362	.75243
3097.503716	.75708
3098.468069	.76135
3099.432423	.76509
3100.396777	.76843
3101.361130	.77135
3102.325484	.77407
3103.289837	.7771
3104.254191	.78032
3105.218544	.78297
3106.182898	.78488
3107.147252	.78655
3108.111605	.7883
3109.075959	.79009
3110.040312	.79189
3111.004666	.79381
3111.969020	.79564
3112.933373	.79711
3113.897727	.79828
3114.862080	.79949
3115.826434	.80086
3116.790787	.80211
3117.755141	.80319
3118.719495	.80438
3119.683848	.80558
3120.648202	.80666
3121.612555	.80777
3122.576909	.80884
3123.541263	.80975
3124.505616	.81059
3125.469970	.8113
3126.434323	.81198
3127.398677	.81288
3128.363031	.8139
3129.327384	.81477
3130.291738	.81551
3131.256091	.81605
3132.220445	.81631
3133.184798	.81672
3134.149152	.81753
3135.113506	.81823
3136.077859	.81858
3137.042213	.81887
3138.006566	.81929
3138.970920	.81993
3139.935274	.82076
3140.899627	.82134
3141.863981	.8216
3142.828334	.82202
3143.792688	.8227
3144.757041	.82328
3145.721395	.82369
3146.685749	.82412
3147.650102	.82445
3148.614456	.82461
3149.578809	.82487
3150.543163	.82526
3151.507517	.82566
3152.471870	.82613
3153.436224	.8266
3154.400577	.82682
3155.364931	.82684
3156.329284	.82694
3157.293638	.82734
3158.257992	.82779
3159.222345	.82803
3160.186699	.82835
3161.151052	.82877
3162.115406	.82898
3163.079760	.82905
3164.044113	.82921
3165.008467	.82936
3165.972820	.82939
3166.937174	.82954
3167.901528	.8301
3168.865881	.83075
3169.830235	.83102
3170.794588	.83095
3171.758942	.831
3172.723295	.83123
3173.687649	.83145
3174.652003	.83168
3175.616356	.83185
3176.580710	.83169
3177.545063	.83162
3178.509417	.83214
3179.473771	.83284
3180.438124	.83316
3181.402478	.83325
3182.366831	.8334
3183.331185	.83365
3184.295538	.83396
3185.259892	.83428
3186.224246	.83459
3187.188599	.83497
3188.152953	.83542
3189.117306	.8358
3190.081660	.83597
3191.046014	.83603
3192.010367	.8362
3192.974721	.83663
3193.939074	.83723
3194.903428	.83767
3195.867782	.83784
3196.832135	.83799
3197.796489	.8383
3198.760842	.83868
3199.725196	.83897
3200.689549	.83919
3201.653903	.83947
3202.618257	.83971
3203.582610	.83979
3204.546964	.83991
3205.511317	.84032
3206.475671	.84091
3207.440025	.84137
3208.404378	.84157
3209.368732	.84159
3210.333085	.84166
3211.297439	.84191
3212.261792	.84206
3213.226146	.8421
3214.190500	.84243
3215.154853	.84302
3216.119207	.84341
3217.083560	.84342
3218.047914	.84359
3219.012268	.84408
3219.976621	.84436
3220.940975	.84443
3221.905328	.8447
3222.869682	.8451
3223.834035	.84562
3224.798389	.8461
3225.762743	.84612
3226.727096	.84589
3227.691450	.84594
3228.655803	.84624
3229.620157	.84637
3230.584511	.84647
3231.548864	.84694
3232.513218	.84743
3233.477571	.8476
3234.441925	.84768
3235.406279	.84793
3236.370632	.84818
3237.334986	.84821
3238.299339	.84822
3239.263693	.84834
3240.228046	.84848
3241.192400	.84872
3242.156754	.84896
3243.121107	.84889
3244.085461	.84874
3245.049814	.84873
3246.014168	.84862
3246.978522	.8487
3247.942875	.84925
3248.907229	.84973
3249.871582	.84992
3250.835936	.85001
3251.800289	.8499
3252.764643	.84983
3253.728997	.85006
3254.693350	.85039
3255.657704	.85059
3256.622057	.85047
3257.586411	.85019
3258.550765	.85016
3259.515118	.85049
3260.479472	.8508
3261.443825	.85083
3262.408179	.85084
3263.372532	.85081
3264.336886	.85071
3265.301240	.85069
3266.265593	.85045
3267.229947	.8501
3268.194300	.85005
3269.158654	.85011
3270.123008	.85016
3271.087361	.85032
3272.051715	.85033
3273.016068	.85005
3273.980422	.84977
3274.944776	.84981
3275.909129	.84991
3276.873483	.84977
3277.837836	.84966
3278.802190	.84981
3279.766543	.85005
3280.730897	.85019
3281.695251	.85011
3282.659604	.85005
3283.623958	.85034
3284.588311	.85094
3285.552665	.85135
3286.517019	.85129
3287.481372	.85115
3288.445726	.85112
3289.410079	.85113
3290.374433	.85121
3291.338786	.85121
3292.303140	.85134
3293.267494	.85179
3294.231847	.8521
3295.196201	.8522
3296.160554	.85254
3297.124908	.85273
3298.089262	.85231
3299.053615	.85178
3300.017969	.85176
3300.982322	.85213
3301.946676	.85243
3302.911030	.85218
3303.875383	.85142
3304.839737	.85077
3305.804090	.85077
3306.768444	.85123
3307.732797	.85145
3308.697151	.85112
3309.661505	.85081
3310.625858	.851
3311.590212	.85128
3312.554565	.85119
3313.518919	.85091
3314.483273	.85066
3315.447626	.85039
3316.411980	.85019
3317.376333	.85021
3318.340687	.85016
3319.305040	.85009
3320.269394	.85034
3321.233748	.8506
3322.198101	.85046
3323.162455	.8501
3324.126808	.84987
3325.091162	.84976
3326.055516	.84944
3327.019869	.84905
3327.984223	.84911
3328.948576	.84942
3329.912930	.84935
3330.877283	.84904
3331.841637	.84888
3332.805991	.84884
3333.770344	.84871
3334.734698	.84845
3335.699051	.84814
3336.663405	.84765
3337.627759	.84708
3338.592112	.84698
3339.556466	.84728
3340.520819	.84742
3341.485173	.84748
3342.449527	.84764
3343.413880	.84755
3344.378234	.84713
3345.342587	.84676
3346.306941	.84665
3347.271294	.84664
3348.235648	.84647
3349.200002	.84606
3350.164355	.84558
3351.128709	.84535
3352.093062	.84539
3353.057416	.84549
3354.021770	.84553
3354.986123	.84537
3355.950477	.84486
3356.914830	.84425
3357.879184	.84398
3358.843537	.844
3359.807891	.84379
3360.772245	.84333
3361.736598	.84303
3362.700952	.84297
3363.665305	.84288
3364.629659	.84249
3365.594013	.84194
3366.558366	.84164
3367.522720	.84158
3368.487073	.84137
3369.451427	.84105
3370.415780	.84097
3371.380134	.84113
3372.344488	.84137
3373.308841	.84164
3374.273195	.8417
3375.237548	.84146
3376.201902	.84143
3377.166256	.84208
3378.130609	.843
3379.094963	.84343
3380.059316	.84346
3381.023670	.84349
3381.988024	.84357
3382.952377	.84376
3383.916731	.84416
3384.881084	.84452
3385.845438	.84491
3386.809791	.84547
3387.774145	.84574
3388.738499	.84561
3389.702852	.8455
3390.667206	.84556
3391.631559	.84576
3392.595913	.84591
3393.560267	.84609
3394.524620	.8466
3395.488974	.84702
3396.453327	.84702
3397.417681	.84701
3398.382034	.84708
3399.346388	.84708
3400.310742	.84721
3401.275095	.84752
3402.239449	.84777
3403.203802	.84787
3404.168156	.84797
3405.132510	.84822
3406.096863	.84855
3407.061217	.8488
3408.025570	.84873
3408.989924	.84839
3409.954278	.84833
3410.918631	.84851
3411.882985	.84856
3412.847338	.84872
3413.811692	.84903
3414.776045	.84911
3415.740399	.84896
3416.704753	.849
3417.669106	.84924
3418.633460	.84907
3419.597813	.84844
3420.562167	.84815
3421.526521	.84848
3422.490874	.84891
3423.455228	.8491
3424.419581	.8492
3425.383935	.84929
3426.348288	.84907
3427.312642	.84867
3428.276996	.84867
3429.241349	.84884
3430.205703	.84871
3431.170056	.84857
3432.134410	.84834
3433.098764	.84795
3434.063117	.84803
3435.027471	.8485
3435.991824	.84853
3436.956178	.84818
3437.920531	.8483
3438.884885	.84888
3439.849239	.8492
3440.813592	.84895
3441.777946	.84858
3442.742299	.84871
3443.706653	.84911
3444.671007	.84912
3445.635360	.84855
3446.599714	.84778
3447.564067	.84783
3448.528421	.84888
3449.492775	.84973
3450.457128	.84989
3451.421482	.84995
3452.385835	.85031
3453.350189	.85068
3454.314542	.85074
3455.278896	.85098
3456.243250	.8516
3457.207603	.85194
3458.171957	.85196
3459.136310	.85227
3460.100664	.85269
3461.065018	.85281
3462.029371	.85294
3462.993725	.8536
3463.958078	.85427
3464.922432	.85412
3465.886785	.85359
3466.851139	.85357
3467.815493	.85404
3468.779846	.85464
3469.744200	.85521
3470.708553	.85553
3471.672907	.85563
3472.637261	.85586
3473.601614	.85607
3474.565968	.85604
3475.530321	.85613
3476.494675	.85639
3477.459028	.85647
3478.423382	.85649
3479.387736	.85655
3480.352089	.85629
3481.316443	.85583
3482.280796	.85576
3483.245150	.85626
3484.209504	.85703
3485.173857	.85761
3486.138211	.85778
3487.102564	.85762
3488.066918	.85741
3489.031272	.85763
3489.995625	.85823
3490.959979	.85849
3491.924332	.85846
3492.888686	.85873
3493.853039	.85907
3494.817393	.8589
3495.781747	.85841
3496.746100	.85822
3497.710454	.85848
3498.674807	.85882
3499.639161	.8589
3500.603515	.85841
3501.567868	.85731
3502.532222	.85652
3503.496575	.85694
3504.460929	.85795
3505.425282	.85877
3506.389636	.85947
3507.353990	.85958
3508.318343	.85882
3509.282697	.85835
3510.247050	.85849
3511.211404	.85841
3512.175758	.85841
3513.140111	.85917
3514.104465	.86003
3515.068818	.86018
3516.033172	.85982
3516.997526	.85972
3517.961879	.8599
3518.926233	.85987
3519.890586	.85993
3520.854940	.86025
3521.819293	.85979
3522.783647	.85827
3523.748001	.85726
3524.712354	.85761
3525.676708	.85822
3526.641061	.8584
3527.605415	.85861
3528.569769	.85885
3529.534122	.85892
3530.498476	.85925
3531.462829	.85988
3532.427183	.8603
3533.391536	.86033
3534.355890	.86009
3535.320244	.85973
3536.284597	.85949
3537.248951	.85969
3538.213304	.86005
3539.177658	.86009
3540.142012	.85978
3541.106365	.85921
3542.070719	.85854
3543.035072	.8578
3543.999426	.85667
3544.963779	.85547
3545.928133	.85496
3546.892487	.85535
3547.856840	.85637
3548.821194	.85732
3549.785547	.85751
3550.749901	.85677
3551.714255	.85571
3552.678608	.85541
3553.642962	.85596
3554.607315	.8566
3555.571669	.85683
3556.536023	.8565
3557.500376	.85592
3558.464730	.85529
3559.429083	.85431
3560.393437	.85326
3561.357790	.85278
3562.322144	.85256
3563.286498	.85172
3564.250851	.84963
3565.215205	.84601
3566.179558	.84222
3567.143912	.84045
3568.108266	.84147
3569.072619	.84445
3570.036973	.84722
3571.001326	.84842
3571.965680	.84853
3572.930033	.84791
3573.894387	.84687
3574.858741	.84622
3575.823094	.84595
3576.787448	.84554
3577.751801	.845
3578.716155	.8442
3579.680509	.84322
3580.644862	.84275
3581.609216	.84257
3582.573569	.84184
3583.537923	.84038
3584.502276	.83778
3585.466630	.83337
3586.430984	.82852
3587.395337	.8255
3588.359691	.82471
3589.324044	.82606
3590.288398	.828
3591.252752	.8276
3592.217105	.82423
3593.181459	.81971
3594.145812	.81534
3595.110166	.81089
3596.074520	.80642
3597.038873	.80168
3598.003227	.79569
3598.967580	.78892
3599.931934	.78245
3600.896287	.77682
3601.860641	.77274
3602.824995	.77059
3603.789348	.77008
3604.753702	.77036
3605.718055	.77031
3606.682409	.7698
3607.646763	.76952
3608.611116	.77008
3609.575470	.77369
3610.539823	.77968
3611.504177	.78313
3612.468530	.78456
3613.432884	.78806
3614.397238	.79294
3615.361591	.79696
3616.325945	.79913
3617.290298	.79917
3618.254652	.79801
3619.219006	.79736
3620.183359	.80002
3621.147713	.8057
3622.112066	.81032
3623.076420	.81241
3624.040774	.81305
3625.005127	.81285
3625.969481	.81133
3626.933834	.80624
3627.898188	.79674
3628.862541	.78969
3629.826895	.79389
3630.791249	.80461
3631.755602	.81132
3632.719956	.81189
3633.684309	.8105
3634.648663	.81038
3635.613017	.81083
3636.577370	.81012
3637.541724	.80834
3638.506077	.8067
3639.470431	.8055
3640.434784	.80409
3641.399138	.80247
3642.363492	.80154
3643.327845	.80154
3644.292199	.80125
3645.256552	.7987
3646.220906	.79335
3647.185260	.7879
3648.149613	.78423
3649.113967	.7819
3650.078320	.783
3651.042674	.78925
3652.007027	.79807
3652.971381	.80515
3653.935735	.80739
3654.900088	.80447
3655.864442	.80033
3656.828795	.80146
3657.793149	.8071
3658.757503	.81101
3659.721856	.81259
3660.686210	.81403
3661.650563	.81516
3662.614917	.81545
3663.579271	.8154
3664.543624	.81543
3665.507978	.81559
3666.472331	.81515
3667.436685	.812
3668.401038	.80601
3669.365392	.79986
3670.329746	.79708
3671.294099	.80152
3672.258453	.80916
3673.222806	.81006
3674.187160	.80119
3675.151514	.79079
3676.115867	.79159
3677.080221	.80223
3678.044574	.81035
3679.008928	.81257
3679.973281	.81381
3680.937635	.81647
3681.901989	.81866
3682.866342	.81932
3683.830696	.8192
3684.795049	.81904
3685.759403	.81794
3686.723757	.81275
3687.688110	.80337
3688.652464	.79894
3689.616817	.80317
3690.581171	.80705
3691.545524	.80945
3692.509878	.8141
3693.474232	.81798
3694.438585	.81912
3695.402939	.81935
3696.367292	.8196
3697.331646	.81996
3698.296000	.82051
3699.260353	.82054
3700.224707	.81858
3701.189060	.81556
3702.153414	.81515
3703.117768	.81799
3704.082121	.82084
3705.046475	.82222
3706.010828	.82264
3706.975182	.82188
3707.939535	.81886
3708.903889	.81469
3709.868243	.81236
3710.832596	.81002
3711.796950	.80705
3712.761303	.80996
3713.725657	.81751
3714.690011	.82244
3715.654364	.8245
3716.618718	.82535
3717.583071	.82446
3718.547425	.82279
3719.511778	.82242
3720.476132	.82229
3721.440486	.82041
3722.404839	.81917
3723.369193	.82041
3724.333546	.82104
3725.297900	.81936
3726.262254	.81798
3727.226607	.81951
3728.190961	.82261
3729.155314	.82393
3730.119668	.8216
3731.084022	.81561
3732.048375	.81063
3733.012729	.81071
3733.977082	.81049
3734.941436	.80701
3735.905789	.80558
3736.870143	.8092
3737.834497	.81526
3738.798850	.82011
3739.763204	.82197
3740.727557	.82192
3741.691911	.82079
3742.656265	.81408
3743.620618	.79886
3744.584972	.78955
3745.549325	.80011
3746.513679	.81358
3747.478032	.81509
3748.442386	.80654
3749.406740	.79937
3750.371093	.80031
3751.335447	.80117
3752.299800	.80165
3753.264154	.80922
3754.228508	.81773
3755.192861	.82037
3756.157215	.81967
3757.121568	.81945
3758.085922	.81881
3759.050275	.8164
3760.014629	.81603
3760.978983	.8196
3761.943336	.82284
3762.907690	.82342
3763.872043	.82199
3764.836397	.81916
3765.800751	.81754
3766.765104	.8193
3767.729458	.82069
3768.693811	.81749
3769.658165	.81335
3770.622519	.81477
3771.586872	.81962
3772.551226	.82245
3773.515579	.82309
3774.479933	.82329
3775.444286	.82328
3776.408640	.82275
3777.372994	.82093
3778.337347	.81714
3779.301701	.81398
3780.266054	.81517
3781.230408	.8186
3782.194762	.82013
3783.159115	.81919
3784.123469	.81738
3785.087822	.81697
3786.052176	.81819
3787.016529	.81934
3787.980883	.81959
3788.945237	.81904
3789.909590	.8183
3790.873944	.81799
3791.838297	.81802
3792.802651	.81807
3793.767005	.81734
3794.731358	.81457
3795.695712	.81059
3796.660065	.80912
3797.624419	.81113
3798.588772	.81207
3799.553126	.80754
3800.517480	.79805
3801.481833	.79224
3802.446187	.79742
3803.410540	.8058
3804.374894	.8086
3805.339248	.80466
3806.303601	.79746
3807.267955	.79541
3808.232308	.80106
3809.196662	.80638
3810.161016	.80755
3811.125369	.80706
3812.089723	.80673
3813.054076	.80598
3814.018430	.80244
3814.982783	.79419
3815.947137	.78737
3816.911491	.79114
3817.875844	.79898
3818.840198	.79993
3819.804551	.79327
3820.768905	.78589
3821.733259	.78659
3822.697612	.79488
3823.661966	.80176
3824.626319	.80335
3825.590673	.80186
3826.555026	.80076
3827.519380	.80223
3828.483734	.80471
3829.448087	.80489
3830.412441	.80185
3831.376794	.79865
3832.341148	.79895
3833.305502	.8001
3834.269855	.79837
3835.234209	.79636
3836.198562	.79456
3837.162916	.78974
3838.127269	.78702
3839.091623	.79082
3840.055977	.79459
3841.020330	.79655
3841.984684	.79891
3842.949037	.79971
3843.913391	.7998
3844.877745	.80241
3845.842098	.80559
3846.806452	.80646
3847.770805	.80562
3848.735159	.80417
3849.699513	.80175
3850.663866	.79625
3851.628220	.78667
3852.592573	.77527
3853.556927	.76647
3854.521280	.77028
3855.485634	.78533
3856.449988	.79619
3857.414341	.80004
3858.378695	.80211
3859.343048	.80304
3860.307402	.8013
3861.271756	.79791
3862.236109	.796
3863.200463	.79489
3864.164816	.79155
3865.129170	.78961
3866.093523	.79305
3867.057877	.79611
3868.022231	.79258
3868.986584	.78413
3869.950938	.77938
3870.915291	.78381
3871.879645	.79027
3872.843999	.79105
3873.808352	.78843
3874.772706	.78895
3875.737059	.79289
3876.701413	.79566
3877.665767	.79562
3878.630120	.79277
3879.594474	.78785
3880.558827	.7857
3881.523181	.7887
3882.487534	.79179
3883.451888	.79115
3884.416242	.78698
3885.380595	.78256
3886.344949	.784
3887.309302	.79002
3888.273656	.7936
3889.238010	.79251
3890.202363	.78813
3891.166717	.78461
3892.131070	.78642
3893.095424	.79095
3894.059777	.79356
3895.024131	.79422
3895.988485	.7941
3896.952838	.79279
3897.917192	.78923
3898.881545	.78481
3899.845899	.7833
3900.810253	.78345
3901.774606	.78263
3902.738960	.78195
3903.703313	.78139
3904.667667	.78229
3905.632020	.78617
3906.596374	.79014
3907.560728	.79212
3908.525081	.79264
3909.489435	.79269
3910.453788	.79256
3911.418142	.7921
3912.382496	.79182
3913.346849	.79185
3914.311203	.79141
3915.275556	.78961
3916.239910	.78687
3917.204264	.78576
3918.168617	.78712
3919.132971	.78832
3920.097324	.78891
3921.061678	.79045
3922.026031	.79179
3922.990385	.79132
3923.954739	.78984
3924.919092	.7894
3925.883446	.79076
3926.847799	.79214
3927.812153	.79225
3928.776507	.79188
3929.740860	.79154
3930.705214	.79107
3931.669567	.79094
3932.633921	.79228
3933.598274	.79481
3934.562628	.7969
3935.526982	.79798
3936.491335	.79863
3937.455689	.7993
3938.420042	.80011
3939.384396	.80087
3940.348750	.80093
3941.313103	.79966
3942.277457	.79811
3943.241810	.79842
3944.206164	.8003
3945.170517	.80137
3946.134871	.80098
3947.099225	.80032
3948.063578	.8002
3949.027932	.80033
3949.992285	.80045
3950.956639	.80109
3951.920993	.80216
3952.885346	.80255
3953.849700	.80208
3954.814053	.80185
3955.778407	.80225
3956.742761	.80255
3957.707114	.80252
3958.671468	.80234
3959.635821	.80201
3960.600175	.8017
3961.564528	.80143
3962.528882	.80109
3963.493236	.80078
3964.457589	.80063
3965.421943	.80054
3966.386296	.80031
3967.350650	.79996
3968.315004	.79961
3969.279357	.7992
3970.243711	.79881
3971.208064	.79852
3972.172418	.79819
3973.136771	.79756
3974.101125	.79668
3975.065479	.79583
3976.029832	.7957
3976.994186	.79639
3977.958539	.79653
3978.922893	.79579
3979.887247	.79548
3980.851600	.7959
3981.815954	.79644
3982.780307	.79684
3983.744661	.79689
3984.709015	.79652
3985.673368	.79611
3986.637722	.79623
3987.602075	.79667
3988.566429	.79667
3989.530782	.79626
3990.495136	.79603
3991.459490	.79615
3992.423843	.79647
3993.388197	.79694
3994.352550	.79744
3995.316904	.79794
3996.281258	.79835
3997.245611	.7985
3998.209965	.79859
3999.174318	.79857
4000.138672	.79817
