499.535156	.84829
500.499510	.84672
501.463863	.84741
502.428217	.84853
503.392571	.84715
504.356924	.8449
505.321278	.84513
506.285631	.84791
507.249985	.84906
508.214339	.8472
509.178692	.84746
510.143046	.851
511.107399	.85236
512.071753	.8509
513.036106	.85153
514.000460	.85414
514.964814	.85553
515.929167	.85633
516.893521	.85663
517.857874	.85568
518.822228	.8551
519.786582	.85433
520.750935	.85239
521.715289	.8518
522.679642	.85313
523.643996	.85433
524.608349	.85566
525.572703	.85847
526.537057	.86074
527.501410	.85987
528.465764	.8582
529.430117	.85876
530.394471	.86022
531.358825	.8603
532.323178	.85906
533.287532	.85802
534.251885	.85835
535.216239	.85894
536.180593	.85783
537.144946	.8565
538.109300	.85668
539.073653	.85734
540.038007	.85877
541.002360	.86132
541.966714	.86304
542.931068	.86362
543.895421	.86459
544.859775	.86627
545.824128	.8683
546.788482	.87062
547.752836	.87198
548.717189	.87137
549.681543	.87038
550.645896	.87085
551.610250	.87278
552.574603	.87469
553.538957	.87509
554.503311	.87481
555.467664	.87584
556.432018	.87815
557.396371	.88001
558.360725	.88098
559.325079	.882
560.289432	.88283
561.253786	.88291
562.218139	.88347
563.182493	.88508
564.146846	.88565
565.111200	.88417
566.075554	.88359
567.039907	.8847
568.004261	.88405
568.968614	.88212
569.932968	.88213
570.897322	.8835
571.861675	.88473
572.826029	.88612
573.790382	.88816
574.754736	.89034
575.719090	.89163
576.683443	.89224
577.647797	.89328
578.612150	.89493
579.576504	.89666
580.540857	.89836
581.505211	.90016
582.469565	.90161
583.433918	.9023
584.398272	.90274
585.362625	.90326
586.326979	.90374
587.291333	.90493
588.255686	.90676
589.220040	.90788
590.184393	.90875
591.148747	.91074
592.113100	.91267
593.077454	.91266
594.041808	.9119
595.006161	.91212
595.970515	.91333
596.934868	.91487
597.899222	.91581
598.863576	.91601
599.827929	.91559
600.792283	.91447
601.756636	.91394
602.720990	.91465
603.685343	.91528
604.649697	.91563
605.614051	.91698
606.578404	.91839
607.542758	.91832
608.507111	.91828
609.471465	.9193
610.435819	.92008
611.400172	.92084
612.364526	.92291
613.328879	.92481
614.293233	.92508
615.257587	.92536
616.221940	.92662
617.186294	.92832
618.150647	.92956
619.115001	.92912
620.079354	.92828
621.043708	.92921
622.008062	.93083
622.972415	.93157
623.936769	.93228
624.901122	.93326
625.865476	.93355
626.829830	.93335
627.794183	.93368
628.758537	.9345
629.722890	.9355
630.687244	.93765
631.651597	.94013
632.615951	.9402
633.580305	.93828
634.544658	.9363
635.509012	.9346
636.473365	.9341
637.437719	.9352
638.402073	.93655
639.366426	.93792
640.330780	.93972
641.295133	.94107
642.259487	.9414
643.223841	.94132
644.188194	.94158
645.152548	.94273
646.116901	.94439
647.081255	.94537
648.045608	.94563
649.009962	.94584
649.974316	.94585
650.938669	.94541
651.903023	.94499
652.867376	.94524
653.831730	.94597
654.796084	.94632
655.760437	.94616
656.724791	.94601
657.689144	.94613
658.653498	.94648
659.617851	.94671
660.582205	.94635
661.546559	.94546
662.510912	.94449
663.475266	.94334
664.439619	.94238
665.403973	.94391
666.368327	.95351
667.332680	.97427
668.297034	.98214
669.261387	.9641
670.225741	.94883
671.190094	.94198
672.154448	.93932
673.118802	.93887
674.083155	.93943
675.047509	.93955
676.011862	.93905
676.976216	.93876
677.940570	.93866
678.904923	.93848
679.869277	.9382
680.833630	.93732
681.797984	.9358
682.762338	.93434
683.726691	.93352
684.691045	.93287
685.655398	.93162
686.619752	.93035
687.584105	.9298
688.548459	.92919
689.512813	.92799
690.477166	.92686
691.441520	.92527
692.405873	.92278
693.370227	.92102
694.334581	.92043
695.298934	.91939
696.263288	.91743
697.227641	.91501
698.191995	.91167
699.156348	.90798
700.120702	.90499
701.085056	.90191
702.049409	.89776
703.013763	.89311
703.978116	.88855
704.942470	.88369
705.906824	.87823
706.871177	.87214
707.835531	.86551
708.799884	.85814
709.764238	.84908
710.728591	.8378
711.692945	.8245
712.657299	.80868
713.621652	.78863
714.586006	.76126
715.550359	.72198
716.514713	.66382
717.479067	.57997
718.443420	.48452
719.407774	.42923
720.372127	.45796
721.336481	.5457
722.300835	.63192
723.265188	.68898
724.229542	.72066
725.193895	.73394
726.158249	.73096
727.122602	.70909
728.086956	.66048
729.051310	.58446
730.015663	.51454
730.980017	.50952
731.944370	.58568
732.908724	.69122
733.873078	.77205
734.837431	.8183
735.801785	.8428
736.766138	.85615
737.730492	.86451
738.694845	.87069
739.659199	.87493
740.623553	.87788
741.587906	.88017
742.552260	.88142
743.516613	.8821
744.480967	.88301
745.445321	.88376
746.409674	.88368
747.374028	.88327
748.338381	.88323
749.302735	.88314
750.267088	.88257
751.231442	.882
752.195796	.88181
753.160149	.88177
754.124503	.88169
755.088856	.88167
756.053210	.88184
757.017564	.88197
757.981917	.88201
758.946271	.88216
759.910624	.88203
760.874978	.88144
761.839332	.88095
762.803685	.88047
763.768039	.87924
764.732392	.87787
765.696746	.87763
766.661099	.87758
767.625453	.87625
768.589807	.87438
769.554160	.87312
770.518514	.87238
771.482867	.87203
772.447221	.87204
773.411575	.87187
774.375928	.87124
775.340282	.87026
776.304635	.86953
777.268989	.86943
778.233342	.86938
779.197696	.86907
780.162050	.86865
781.126403	.86788
782.090757	.86672
783.055110	.86584
784.019464	.86557
784.983818	.86531
785.948171	.86509
786.912525	.86502
787.876878	.86458
788.841232	.8642
789.805586	.86441
790.769939	.86444
791.734293	.86412
792.698646	.86404
793.663000	.86367
794.627353	.86254
795.591707	.86142
796.556061	.86111
797.520414	.86142
798.484768	.86135
799.449121	.86041
800.413475	.85923
801.377829	.85819
802.342182	.85717
803.306536	.85648
804.270889	.85615
805.235243	.85596
806.199596	.85614
807.163950	.85661
808.128304	.85673
809.092657	.85633
810.057011	.85602
811.021364	.85578
811.985718	.85509
812.950072	.85463
813.914425	.85463
814.878779	.85394
815.843132	.85268
816.807486	.85203
817.771839	.85201
818.736193	.8521
819.700547	.85244
820.664900	.85287
821.629254	.85309
822.593607	.85331
823.557961	.85334
824.522315	.85318
825.486668	.85317
826.451022	.85299
827.415375	.85253
828.379729	.85217
829.344083	.85224
830.308436	.85253
831.272790	.8521
832.237143	.85112
833.201497	.85111
834.165850	.85228
835.130204	.85286
836.094558	.85221
837.058911	.85163
838.023265	.85123
838.987618	.85069
839.951972	.85099
840.916326	.85176
841.880679	.85172
842.845033	.851
843.809386	.85053
844.773740	.85087
845.738093	.8516
846.702447	.85185
847.666801	.85114
848.631154	.84993
849.595508	.84965
850.559861	.85087
851.524215	.85234
852.488569	.85279
853.452922	.85234
854.417276	.8522
855.381629	.85253
856.345983	.85234
857.310336	.85226
858.274690	.85328
859.239044	.85447
860.203397	.8551
861.167751	.85572
862.132104	.85636
863.096458	.85673
864.060812	.85667
865.025165	.8563
865.989519	.85641
866.953872	.85686
867.918226	.85687
868.882580	.85717
869.846933	.85791
870.811287	.85778
871.775640	.85708
872.739994	.85705
873.704347	.85784
874.668701	.85881
875.633055	.85933
876.597408	.85959
877.561762	.85994
878.526115	.86013
879.490469	.85986
880.454823	.85953
881.419176	.8596
882.383530	.86003
883.347883	.86047
884.312237	.8607
885.276590	.86086
886.240944	.86109
887.205298	.86163
888.169651	.86262
889.134005	.86306
890.098358	.86251
891.062712	.86253
892.027066	.86376
892.991419	.86497
893.955773	.8654
894.920126	.86539
895.884480	.86551
896.848834	.86612
897.813187	.86707
898.777541	.86744
899.741894	.86682
900.706248	.86613
901.670601	.86594
902.634955	.86565
903.599309	.86437
904.563662	.8624
905.528016	.8604
906.492369	.85785
907.456723	.85502
908.421077	.85374
909.385430	.85475
910.349784	.85723
911.314137	.86051
912.278491	.86423
913.242844	.86772
914.207198	.87037
915.171552	.87188
916.135905	.8727
917.100259	.87395
918.064612	.87625
919.028966	.87865
919.993320	.8798
920.957673	.87987
921.922027	.88009
922.886380	.88102
923.850734	.88238
924.815087	.88357
925.779441	.8843
926.743795	.88496
927.708148	.88552
928.672502	.8855
929.636855	.88542
930.601209	.88572
931.565563	.88578
932.529916	.88578
933.494270	.8867
934.458623	.88813
935.422977	.88879
936.387331	.88872
937.351684	.88884
938.316038	.88914
939.280391	.88929
940.244745	.8896
941.209098	.89027
942.173452	.8911
943.137806	.89208
944.102159	.89286
945.066513	.89294
946.030866	.89269
946.995220	.89258
947.959574	.89261
948.923927	.89267
949.888281	.89257
950.852634	.89249
951.816988	.89281
952.781341	.89341
953.745695	.89394
954.710049	.89409
955.674402	.89375
956.638756	.89372
957.603109	.89452
958.567463	.89504
959.531817	.89452
960.496170	.8938
961.460524	.89357
962.424877	.89358
963.389231	.8934
964.353584	.89306
965.317938	.8929
966.282292	.89311
967.246645	.89383
968.210999	.89485
969.175352	.89539
970.139706	.89525
971.104060	.89521
972.068413	.89575
973.032767	.89652
973.997120	.89717
974.961474	.89743
975.925828	.8975
976.890181	.89777
977.854535	.89789
978.818888	.89765
979.783242	.89749
980.747595	.89762
981.711949	.89766
982.676303	.89741
983.640656	.8973
984.605010	.89736
985.569363	.89708
986.533717	.89629
987.498071	.89529
988.462424	.89424
989.426778	.89343
990.391131	.89355
991.355485	.8943
992.319838	.8946
993.284192	.89476
994.248546	.89503
995.212899	.89512
996.177253	.89565
997.141606	.89666
998.105960	.89742
999.070314	.89813
1000.034667	.89864
1000.999021	.8983
1001.963374	.89778
1002.927728	.89811
1003.892082	.89906
1004.856435	.89992
1005.820789	.89998
1006.785142	.8989
1007.749496	.89762
1008.713849	.89755
1009.678203	.89829
1010.642557	.89851
1011.606910	.8981
1012.571264	.89727
1013.535617	.89608
1014.499971	.89513
1015.464325	.89496
1016.428678	.895
1017.393032	.89453
1018.357385	.89438
1019.321739	.89515
1020.286092	.8959
1021.250446	.89613
1022.214800	.89589
1023.179153	.89522
1024.143507	.89479
1025.107860	.89485
1026.072214	.8949
1027.036568	.89462
1028.000921	.89424
1028.965275	.89401
1029.929628	.89371
1030.893982	.89311
1031.858335	.89262
1032.822689	.89247
1033.787043	.89219
1034.751396	.89184
1035.715750	.89184
1036.680103	.89186
1037.644457	.89145
1038.608811	.89074
1039.573164	.89012
1040.537518	.88997
1041.501871	.88998
1042.466225	.88931
1043.430579	.88811
1044.394932	.88716
1045.359286	.88629
1046.323639	.88524
1047.287993	.88431
1048.252346	.88307
1049.216700	.88107
1050.181054	.87906
1051.145407	.87831
1052.109761	.87911
1053.074114	.88007
1054.038468	.88023
1055.002822	.87998
1055.967175	.87966
1056.931529	.87924
1057.895882	.87869
1058.860236	.87801
1059.824589	.87734
1060.788943	.8768
1061.753297	.87638
1062.717650	.87597
1063.682004	.87544
1064.646357	.87479
1065.610711	.87413
1066.575065	.87353
1067.539418	.87319
1068.503772	.87326
1069.468125	.87327
1070.432479	.87273
1071.396832	.87181
1072.361186	.87085
1073.325540	.86987
1074.289893	.86861
1075.254247	.86725
1076.218600	.86608
1077.182954	.86486
1078.147308	.86341
1079.111661	.86199
1080.076015	.86102
1081.040368	.86043
1082.004722	.86001
1082.969076	.86009
1083.933429	.86079
1084.897783	.86164
1085.862136	.86237
1086.826490	.86308
1087.790843	.86368
1088.755197	.86406
1089.719551	.86409
1090.683904	.86347
1091.648258	.86251
1092.612611	.86212
1093.576965	.8624
1094.541319	.86259
1095.505672	.86237
1096.470026	.86204
1097.434379	.86195
1098.398733	.86216
1099.363086	.86221
1100.327440	.86192
1101.291794	.86169
1102.256147	.86171
1103.220501	.86164
1104.184854	.86143
1105.149208	.86118
1106.113562	.86072
1107.077915	.86012
1108.042269	.8596
1109.006622	.85896
1109.970976	.85839
1110.935330	.85811
1111.899683	.85759
1112.864037	.85692
1113.828390	.85671
1114.792744	.85648
1115.757097	.85577
1116.721451	.85531
1117.685805	.85533
1118.650158	.85503
1119.614512	.85428
1120.578865	.85374
1121.543219	.85353
1122.507573	.85334
1123.471926	.85309
1124.436280	.85298
1125.400633	.85304
1126.364987	.85281
1127.329340	.8522
1128.293694	.85182
1129.258048	.85179
1130.222401	.85157
1131.186755	.85119
1132.151108	.85108
1133.115462	.85114
1134.079816	.85126
1135.044169	.85131
1136.008523	.851
1136.972876	.85051
1137.937230	.85027
1138.901583	.85016
1139.865937	.85002
1140.830291	.85
1141.794644	.84978
1142.758998	.84927
1143.723351	.84893
1144.687705	.84871
1145.652059	.8484
1146.616412	.84815
1147.580766	.84806
1148.545119	.848
1149.509473	.84775
1150.473827	.84728
1151.438180	.84701
1152.402534	.84722
1153.366887	.84731
1154.331241	.8469
1155.295594	.8467
1156.259948	.84688
1157.224302	.84677
1158.188655	.84631
1159.153009	.84607
1160.117362	.84617
1161.081716	.84641
1162.046070	.84654
1163.010423	.84641
1163.974777	.84637
1164.939130	.8467
1165.903484	.84686
1166.867837	.84684
1167.832191	.84708
1168.796545	.84722
1169.760898	.847
1170.725252	.84688
1171.689605	.84704
1172.653959	.84697
1173.618313	.84603
1174.582666	.84403
1175.547020	.84204
1176.511373	.84158
1177.475727	.84255
1178.440080	.84364
1179.404434	.84423
1180.368788	.84441
1181.333141	.84439
1182.297495	.84432
1183.261848	.84407
1184.226202	.84359
1185.190556	.84328
1186.154909	.84331
1187.119263	.84329
1188.083616	.84311
1189.047970	.84313
1190.012324	.8433
1190.976677	.84333
1191.941031	.84354
1192.905384	.84404
1193.869738	.84441
1194.834091	.84467
1195.798445	.84517
1196.762799	.84587
1197.727152	.84649
1198.691506	.84695
1199.655859	.84745
1200.620213	.84781
1201.584567	.84768
1202.548920	.84742
1203.513274	.8476
1204.477627	.84801
1205.441981	.84796
1206.406334	.84751
1207.370688	.84729
1208.335042	.84727
1209.299395	.84719
1210.263749	.8472
1211.228102	.84742
1212.192456	.84773
1213.156810	.84801
1214.121163	.8483
1215.085517	.84886
1216.049870	.84958
1217.014224	.84996
1217.978578	.85004
1218.942931	.85036
1219.907285	.85086
1220.871638	.85103
1221.835992	.85098
1222.800345	.85102
1223.764699	.85105
1224.729053	.8509
1225.693406	.85071
1226.657760	.85078
1227.622113	.85093
1228.586467	.85098
1229.550821	.85114
1230.515174	.85138
1231.479528	.8515
1232.443881	.85151
1233.408235	.85166
1234.372588	.85198
1235.336942	.85226
1236.301296	.85255
1237.265649	.85289
1238.230003	.85307
1239.194356	.85321
1240.158710	.85347
1241.123064	.85357
1242.087417	.85345
1243.051771	.85339
1244.016124	.8534
1244.980478	.85331
1245.944831	.85314
1246.909185	.85306
1247.873539	.85316
1248.837892	.85325
1249.802246	.85326
1250.766599	.85345
1251.730953	.85371
1252.695307	.85379
1253.659660	.85377
1254.624014	.85385
1255.588367	.85387
1256.552721	.85369
1257.517075	.85373
1258.481428	.85409
1259.445782	.85443
1260.410135	.85459
1261.374489	.85444
1262.338842	.85406
1263.303196	.85385
1264.267550	.85407
1265.231903	.85447
1266.196257	.8547
1267.160610	.85488
1268.124964	.85505
1269.089318	.85508
1270.053671	.85487
1271.018025	.85447
1271.982378	.85421
1272.946732	.85423
1273.911085	.85407
1274.875439	.85375
1275.839793	.8538
1276.804146	.85392
1277.768500	.85363
1278.732853	.85333
1279.697207	.85349
1280.661561	.85372
1281.625914	.85351
1282.590268	.8531
1283.554621	.85282
1284.518975	.85265
1285.483328	.85245
1286.447682	.85209
1287.412036	.85163
1288.376389	.85109
1289.340743	.85041
1290.305096	.84976
1291.269450	.84924
1292.233804	.8485
1293.198157	.84763
1294.162511	.84702
1295.126864	.84655
1296.091218	.84607
1297.055572	.84562
1298.019925	.84524
1298.984279	.84505
1299.948632	.84515
1300.912986	.84527
1301.877339	.84526
1302.841693	.84523
1303.806047	.84529
1304.770400	.84538
1305.734754	.84538
1306.699107	.84539
1307.663461	.84558
1308.627815	.84597
1309.592168	.84644
1310.556522	.84701
1311.520875	.84787
1312.485229	.84895
1313.449582	.84979
1314.413936	.8503
1315.378290	.85088
1316.342643	.85172
1317.306997	.85281
1318.271350	.85425
1319.235704	.85553
1320.200058	.85612
1321.164411	.85631
1322.128765	.85646
1323.093118	.85659
1324.057472	.85681
1325.021825	.85708
1325.986179	.85738
1326.950533	.85776
1327.914886	.85812
1328.879240	.85842
1329.843593	.85866
1330.807947	.85867
1331.772301	.85845
1332.736654	.85826
1333.701008	.85799
1334.665361	.85764
1335.629715	.85769
1336.594069	.85782
1337.558422	.85766
1338.522776	.85763
1339.487129	.85725
1340.451483	.8551
1341.415836	.85152
1342.380190	.84847
1343.344544	.84678
1344.308897	.84563
1345.273251	.84415
1346.237604	.84239
1347.201958	.84076
1348.166312	.83916
1349.130665	.83736
1350.095019	.83559
1351.059372	.83431
1352.023726	.8336
1352.988079	.83349
1353.952433	.83388
1354.916787	.83417
1355.881140	.83411
1356.845494	.83399
1357.809847	.83361
1358.774201	.83274
1359.738555	.83256
1360.702908	.83324
1361.667262	.8338
1362.631615	.83351
1363.595969	.83033
1364.560323	.82461
1365.524676	.82007
1366.489030	.81795
1367.453383	.81748
1368.417737	.81796
1369.382090	.81864
1370.346444	.82008
1371.310798	.82347
1372.275151	.82933
1373.239505	.8366
1374.203858	.84142
1375.168212	.84155
1376.132566	.83969
1377.096919	.83931
1378.061273	.84086
1379.025626	.84291
1379.989980	.84492
1380.954333	.84688
1381.918687	.84852
1382.883041	.84983
1383.847394	.85089
1384.811748	.85202
1385.776101	.85541
1386.740455	.86136
1387.704809	.8629
1388.669162	.8574
1389.633516	.85236
1390.597869	.85107
1391.562223	.85096
1392.526576	.85269
1393.490930	.85874
1394.455284	.86422
1395.419637	.86217
1396.383991	.85657
1397.348344	.85523
1398.312698	.85861
1399.277052	.85967
1400.241405	.8546
1401.205759	.84933
1402.170112	.84793
1403.134466	.84927
1404.098820	.85235
1405.063173	.85369
1406.027527	.85065
1406.991880	.84711
1407.956234	.84592
1408.920587	.84565
1409.884941	.84531
1410.849295	.845
1411.813648	.84437
1412.778002	.84305
1413.742355	.8418
1414.706709	.84175
1415.671063	.84324
1416.635416	.84598
1417.599770	.85245
1418.564123	.86369
1419.528477	.8663
1420.492830	.85231
1421.457184	.83852
1422.421538	.8348
1423.385891	.83502
1424.350245	.83229
1425.314598	.8264
1426.278952	.82096
1427.243306	.81696
1428.207659	.81434
1429.172013	.81295
1430.136366	.8091
1431.100720	.80143
1432.065073	.79393
1433.029427	.78847
1433.993781	.7845
1434.958134	.78676
1435.922488	.79715
1436.886841	.79955
1437.851195	.78456
1438.815549	.76926
1439.779902	.76258
1440.744256	.75954
1441.708609	.75705
1442.672963	.7549
1443.637317	.75305
1444.601670	.75134
1445.566024	.75006
1446.530377	.75093
1447.494731	.7522
1448.459084	.74825
1449.423438	.73942
1450.387792	.73112
1451.352145	.72331
1452.316499	.71225
1453.280852	.69773
1454.245206	.68396
1455.209560	.67808
1456.173913	.67836
1457.138267	.66471
1458.102620	.62532
1459.066974	.56508
1460.031327	.47837
1460.995681	.37058
1461.960035	.28606
1462.924388	.2757
1463.888742	.33318
1464.853095	.40315
1465.817449	.44327
1466.781803	.45739
1467.746156	.46455
1468.710510	.47158
1469.674863	.47239
1470.639217	.44819
1471.603571	.37935
1472.567924	.29669
1473.532278	.29185
1474.496631	.39544
1475.460985	.54019
1476.425338	.65634
1477.389692	.72104
1478.354046	.75349
1479.318399	.77432
1480.282753	.78932
1481.247106	.79947
1482.211460	.80521
1483.175814	.80854
1484.140167	.81167
1485.104521	.81615
1486.068874	.82349
1487.033228	.83053
1487.997581	.83358
1488.961935	.83731
1489.926289	.84254
1490.890642	.84047
1491.854996	.83178
1492.819349	.82606
1493.783703	.827
1494.748057	.83646
1495.712410	.85066
1496.676764	.85483
1497.641117	.85017
1498.605471	.84792
1499.569824	.84412
1500.534178	.83855
1501.498532	.83681
1502.462885	.83722
1503.427239	.84143
1504.391592	.85775
1505.355946	.88604
1506.320300	.90622
1507.284653	.89915
1508.249007	.87758
1509.213360	.86088
1510.177714	.85278
1511.142068	.85156
1512.106421	.85292
1513.070775	.85102
1514.035128	.84908
1514.999482	.85256
1515.963835	.86066
1516.928189	.86694
1517.892543	.86358
1518.856896	.85976
1519.821250	.87067
1520.785603	.8886
1521.749957	.89023
1522.714311	.87443
1523.678664	.86167
1524.643018	.86109
1525.607371	.86325
1526.571725	.85962
1527.536078	.85503
1528.500432	.85138
1529.464786	.84701
1530.429139	.84534
1531.393493	.84894
1532.357846	.85834
1533.322200	.8672
1534.286554	.86379
1535.250907	.85234
1536.215261	.84657
1537.179614	.85434
1538.143968	.8789
1539.108321	.90622
1540.072675	.90997
1541.037029	.8985
1542.001382	.8876
1542.965736	.87415
1543.930089	.8647
1544.894443	.86243
1545.858797	.8566
1546.823150	.84748
1547.787504	.84419
1548.751857	.84783
1549.716211	.85225
1550.680565	.85116
1551.644918	.84742
1552.609272	.85101
1553.573625	.86312
1554.537979	.8688
1555.502332	.86389
1556.466686	.87098
1557.431040	.89949
1558.395393	.92747
1559.359747	.93114
1560.324100	.90762
1561.288454	.87387
1562.252808	.85298
1563.217161	.84899
1564.181515	.85211
1565.145868	.85295
1566.110222	.84973
1567.074575	.84843
1568.038929	.8552
1569.003283	.86692
1569.967636	.86904
1570.931990	.85824
1571.896343	.84895
1572.860697	.84662
1573.825051	.84999
1574.789404	.86468
1575.753758	.88472
1576.718111	.88274
1577.682465	.86207
1578.646819	.84904
1579.611172	.84579
1580.575526	.845
1581.539879	.84473
1582.504233	.84477
1583.468586	.84464
1584.432940	.84427
1585.397294	.84412
1586.361647	.84414
1587.326001	.84414
1588.290354	.84418
1589.254708	.84441
1590.219062	.84472
1591.183415	.84474
1592.147769	.84471
1593.112122	.84506
1594.076476	.84572
1595.040829	.8459
1596.005183	.84561
1596.969537	.84521
1597.933890	.84467
1598.898244	.84443
1599.862597	.84484
1600.826951	.84559
1601.791305	.84615
1602.755658	.84656
1603.720012	.84649
1604.684365	.84593
1605.648719	.84591
1606.613072	.84661
1607.577426	.84739
1608.541780	.8483
1609.506133	.84888
1610.470487	.84804
1611.434840	.84677
1612.399194	.84642
1613.363548	.84681
1614.327901	.85046
1615.292255	.86449
1616.256608	.88363
1617.220962	.88236
1618.185316	.86295
1619.149669	.85031
1620.114023	.84742
1621.078376	.84885
1622.042730	.85564
1623.007083	.8647
1623.971437	.86434
1624.935791	.85512
1625.900144	.85042
1626.864498	.85343
1627.828851	.85604
1628.793205	.85275
1629.757559	.84809
1630.721912	.84623
1631.686266	.8462
1632.650619	.84828
1633.614973	.85859
1634.579326	.87997
1635.543680	.89247
1636.508034	.87979
1637.472387	.86127
1638.436741	.84998
1639.401094	.84388
1640.365448	.84127
1641.329802	.84086
1642.294155	.84156
1643.258509	.84378
1644.222862	.85218
1645.187216	.86954
1646.151569	.88323
1647.115923	.88125
1648.080277	.871
1649.044630	.86063
1650.008984	.85702
1650.973337	.87242
1651.937691	.91207
1652.902045	.94469
1653.866398	.92691
1654.830752	.8876
1655.795105	.86206
1656.759459	.85223
1657.723813	.84998
1658.688166	.84939
1659.652520	.84964
1660.616873	.85238
1661.581227	.85983
1662.545580	.86656
1663.509934	.86312
1664.474288	.85441
1665.438641	.85017
1666.402995	.85079
1667.367348	.85681
1668.331702	.86957
1669.296056	.878
1670.260409	.87346
1671.224763	.86536
1672.189116	.85925
1673.153470	.85763
1674.117823	.86758
1675.082177	.87956
1676.046531	.87341
1677.010884	.85827
1677.975238	.85164
1678.939591	.85321
1679.903945	.85615
1680.868299	.85749
1681.832652	.86267
1682.797006	.87982
1683.761359	.90461
1684.725713	.91033
1685.690067	.8856
1686.654420	.86152
1687.618774	.8541
1688.583127	.85442
1689.547481	.85438
1690.511834	.85254
1691.476188	.84967
1692.440542	.84797
1693.404895	.85091
1694.369249	.86629
1695.333602	.88948
1696.297956	.89059
1697.262310	.87021
1698.226663	.8657
1699.191017	.89046
1700.155370	.91514
1701.119724	.89813
1702.084077	.86574
1703.048431	.85325
1704.012785	.85574
1704.977138	.85913
1705.941492	.85889
1706.905845	.8541
1707.870199	.84689
1708.834553	.84296
1709.798906	.8427
1710.763260	.84219
1711.727613	.84141
1712.691967	.84352
1713.656320	.85069
1714.620674	.85875
1715.585028	.86449
1716.549381	.87501
1717.513735	.88599
1718.478088	.87929
1719.442442	.86064
1720.406796	.8479
1721.371149	.84412
1722.335503	.84474
1723.299856	.8456
1724.264210	.84469
1725.228564	.84332
1726.192917	.8429
1727.157271	.84295
1728.121624	.84409
1729.085978	.8476
1730.050331	.85014
1731.014685	.85019
1731.979039	.857
1732.943392	.87702
1733.907746	.89424
1734.872099	.8844
1735.836453	.86008
1736.800807	.84588
1737.765160	.8454
1738.729514	.85348
1739.693867	.85992
1740.658221	.85503
1741.622574	.84744
1742.586928	.84671
1743.551282	.84779
1744.515635	.8462
1745.479989	.84531
1746.444342	.84744
1747.408696	.85144
1748.373050	.85436
1749.337403	.85632
1750.301757	.86178
1751.266110	.86516
1752.230464	.85722
1753.194817	.8468
1754.159171	.84318
1755.123525	.84532
1756.087878	.85037
1757.052232	.85219
1758.016585	.84836
1758.980939	.84471
1759.945293	.84649
1760.909646	.85381
1761.874000	.85786
1762.838353	.85222
1763.802707	.84507
1764.767061	.84263
1765.731414	.84316
1766.695768	.84719
1767.660121	.85321
1768.624475	.85363
1769.588828	.85081
1770.553182	.85552
1771.517536	.86766
1772.481889	.87327
1773.446243	.86356
1774.410596	.85104
1775.374950	.8461
1776.339304	.84434
1777.303657	.84251
1778.268011	.84226
1779.232364	.84397
1780.196718	.84599
1781.161071	.84533
1782.125425	.84255
1783.089779	.84192
1784.054132	.84461
1785.018486	.84623
1785.982839	.84394
1786.947193	.84106
1787.911547	.84014
1788.875900	.84121
1789.840254	.84504
1790.804607	.85218
1791.768961	.86058
1792.733315	.86201
1793.697668	.85309
1794.662022	.84472
1795.626375	.84255
1796.590729	.84185
1797.555082	.84137
1798.519436	.84353
1799.483790	.84629
1800.448143	.84644
1801.412497	.84526
1802.376850	.84362
1803.341204	.84098
1804.305558	.83896
1805.269911	.8382
1806.234265	.83805
1807.198618	.83837
1808.162972	.8387
1809.127325	.83964
1810.091679	.84145
1811.056033	.84169
1812.020386	.83955
1812.984740	.83743
1813.949093	.83634
1814.913447	.83569
1815.877801	.83547
1816.842154	.83577
1817.806508	.83583
1818.770861	.83519
1819.735215	.83464
1820.699568	.83471
1821.663922	.83526
1822.628276	.83635
1823.592629	.83946
1824.556983	.8444
1825.521336	.8458
1826.485690	.84219
1827.450044	.84025
1828.414397	.84429
1829.378751	.85044
1830.343104	.85045
1831.307458	.84419
1832.271812	.83946
1833.236165	.83821
1834.200519	.83769
1835.164872	.83746
1836.129226	.83818
1837.093579	.83891
1838.057933	.83857
1839.022287	.83784
1839.986640	.83772
1840.950994	.83823
1841.915347	.84067
1842.879701	.8487
1843.844055	.85822
1844.808408	.85651
1845.772762	.84653
1846.737115	.84094
1847.701469	.83999
1848.665822	.83915
1849.630176	.838
1850.594530	.8373
1851.558883	.83705
1852.523237	.83698
1853.487590	.83689
1854.451944	.83679
1855.416298	.83696
1856.380651	.83726
1857.345005	.83746
1858.309358	.8375
1859.273712	.83734
1860.238065	.8372
1861.202419	.83712
1862.166773	.83695
1863.131126	.83665
1864.095480	.8365
1865.059833	.8371
1866.024187	.83886
1866.988541	.84179
1867.952894	.84581
1868.917248	.84847
1869.881601	.8458
1870.845955	.84007
1871.810309	.8366
1872.774662	.83576
1873.739016	.83549
1874.703369	.83521
1875.667723	.83517
1876.632076	.83532
1877.596430	.83535
1878.560784	.83512
1879.525137	.83474
1880.489491	.83448
1881.453844	.83458
1882.418198	.83478
1883.382552	.83481
1884.346905	.83462
1885.311259	.83413
1886.275612	.83359
1887.239966	.83383
1888.204319	.83561
1889.168673	.83733
1890.133027	.83602
1891.097380	.83277
1892.061734	.83076
1893.026087	.83028
1893.990441	.83063
1894.954795	.83105
1895.919148	.83055
1896.883502	.82945
1897.847855	.82869
1898.812209	.82843
1899.776562	.82852
1900.740916	.82885
1901.705270	.82924
1902.669623	.82962
1903.633977	.82999
1904.598330	.8303
1905.562684	.83063
1906.527038	.83119
1907.491391	.83191
1908.455745	.83261
1909.420098	.8332
1910.384452	.8331
1911.348806	.83225
1912.313159	.83161
1913.277513	.83156
1914.241866	.83179
1915.206220	.83225
1916.170573	.83425
1917.134927	.83843
1918.099281	.84051
1919.063634	.83748
1920.027988	.83384
1920.992341	.83346
1921.956695	.83513
1922.921049	.83614
1923.885402	.83518
1924.849756	.83351
1925.814109	.83258
1926.778463	.83252
1927.742816	.83282
1928.707170	.83296
1929.671524	.83293
1930.635877	.83295
1931.600231	.83296
1932.564584	.83285
1933.528938	.8327
1934.493292	.83262
1935.457645	.8326
1936.421999	.83257
1937.386352	.83248
1938.350706	.83247
1939.315060	.83259
1940.279413	.83321
1941.243767	.83514
1942.208120	.83709
1943.172474	.83645
1944.136827	.83452
1945.101181	.83377
1946.065535	.8335
1947.029888	.83284
1947.994242	.83222
1948.958595	.83196
1949.922949	.83206
1950.887303	.83217
1951.851656	.83201
1952.816010	.83184
1953.780363	.83211
1954.744717	.83247
1955.709070	.83244
1956.673424	.83229
1957.637778	.83217
1958.602131	.83195
1959.566485	.83181
1960.530838	.83191
1961.495192	.83195
1962.459546	.8317
1963.423899	.83145
1964.388253	.83166
1965.352606	.83248
1966.316960	.83356
1967.281313	.83396
1968.245667	.83326
1969.210021	.83237
1970.174374	.83201
1971.138728	.8319
1972.103081	.8319
1973.067435	.832
1974.031789	.83205
1974.996142	.83198
1975.960496	.83185
1976.924849	.83186
1977.889203	.832
1978.853557	.83202
1979.817910	.83182
1980.782264	.83163
1981.746617	.83158
1982.710971	.83164
1983.675324	.83174
1984.639678	.83175
1985.604032	.83163
1986.568385	.83161
1987.532739	.8318
1988.497092	.83188
1989.461446	.83179
1990.425800	.8323
1991.390153	.83358
1992.354507	.83387
1993.318860	.83247
1994.283214	.831
1995.247567	.83041
1996.211921	.83028
1997.176275	.83024
1998.140628	.83026
1999.104982	.83012
2000.069335	.82953
2001.033689	.82884
2001.998043	.82857
2002.962396	.82844
2003.926750	.82805
2004.891103	.82756
2005.855457	.82715
2006.819810	.82663
2007.784164	.82594
2008.748518	.82519
2009.712871	.8243
2010.677225	.82316
2011.641578	.8219
2012.605932	.82053
2013.570286	.81897
2014.534639	.81748
2015.498993	.81663
2016.463346	.8165
2017.427700	.81638
2018.392054	.81591
2019.356407	.81562
2020.320761	.81592
2021.285114	.81641
2022.249468	.81672
2023.213821	.81717
2024.178175	.81792
2025.142529	.81863
2026.106882	.81911
2027.071236	.81948
2028.035589	.81982
2028.999943	.82018
2029.964297	.82055
2030.928650	.8209
2031.893004	.82122
2032.857357	.82151
2033.821711	.82178
2034.786064	.82205
2035.750418	.82231
2036.714772	.82243
2037.679125	.82241
2038.643479	.82246
2039.607832	.82277
2040.572186	.82322
2041.536540	.82338
2042.500893	.8234
2043.465247	.8236
2044.429600	.8237
2045.393954	.82363
2046.358308	.82381
2047.322661	.82416
2048.287015	.82437
2049.251368	.82447
2050.215722	.82461
2051.180075	.82477
2052.144429	.82487
2053.108783	.82489
2054.073136	.82489
2055.037490	.82497
2056.001843	.82517
2056.966197	.8254
2057.930551	.82547
2058.894904	.82531
2059.859258	.82513
2060.823611	.82513
2061.787965	.82533
2062.752318	.82557
2063.716672	.82582
2064.681026	.82593
2065.645379	.82567
2066.609733	.8253
2067.574086	.82513
2068.538440	.825
2069.502794	.82479
2070.467147	.82471
2071.431501	.82493
2072.395854	.82521
2073.360208	.82525
2074.324561	.82504
2075.288915	.82491
2076.253269	.82494
2077.217622	.82491
2078.181976	.82481
2079.146329	.82473
2080.110683	.82473
2081.075037	.82483
2082.039390	.82494
2083.003744	.82498
2083.968097	.82506
2084.932451	.82517
2085.896805	.82521
2086.861158	.82526
2087.825512	.82543
2088.789865	.82552
2089.754219	.82536
2090.718572	.82509
2091.682926	.82491
2092.647280	.82487
2093.611633	.82492
2094.575987	.82504
2095.540340	.82514
2096.504694	.82506
2097.469048	.82478
2098.433401	.82454
2099.397755	.82443
2100.362108	.82432
2101.326462	.82422
2102.290815	.82428
2103.255169	.82441
2104.219523	.82439
2105.183876	.82424
2106.148230	.82414
2107.112583	.82399
2108.076937	.82377
2109.041291	.82356
2110.005644	.82336
2110.969998	.82325
2111.934351	.82328
2112.898705	.82337
2113.863058	.82339
2114.827412	.82336
2115.791766	.82336
2116.756119	.82348
2117.720473	.82357
2118.684826	.8235
2119.649180	.82336
2120.613534	.82325
2121.577887	.82307
2122.542241	.8228
2123.506594	.82256
2124.470948	.82254
2125.435302	.82282
2126.399655	.82301
2127.364009	.82278
2128.328362	.82258
2129.292716	.82269
2130.257069	.82263
2131.221423	.82225
2132.185777	.82192
2133.150130	.82168
2134.114484	.82135
2135.078837	.82106
2136.043191	.82093
2137.007545	.82089
2137.971898	.82073
2138.936252	.82046
2139.900605	.82024
2140.864959	.82012
2141.829312	.82002
2142.793666	.81997
2143.758020	.8199
2144.722373	.8197
2145.686727	.8195
2146.651080	.81942
2147.615434	.81928
2148.579788	.81908
2149.544141	.81903
2150.508495	.81911
2151.472848	.81912
2152.437202	.8191
2153.401556	.81925
2154.365909	.81946
2155.330263	.81947
2156.294616	.81933
2157.258970	.81933
2158.223323	.81947
2159.187677	.81953
2160.152031	.8195
2161.116384	.81952
2162.080738	.81957
2163.045091	.81955
2164.009445	.81954
2164.973799	.81956
2165.938152	.81953
2166.902506	.81949
2167.866859	.81951
2168.831213	.81954
2169.795566	.81969
2170.759920	.8199
2171.724274	.8198
2172.688627	.81952
2173.652981	.81937
2174.617334	.81918
2175.581688	.81893
2176.546042	.81886
2177.510395	.81895
2178.474749	.81902
2179.439102	.81903
2180.403456	.81891
2181.367809	.81874
2182.332163	.81873
2183.296517	.81878
2184.260870	.81867
2185.225224	.81857
2186.189577	.81866
2187.153931	.8189
2188.118285	.81912
2189.082638	.81903
2190.046992	.81875
2191.011345	.81865
2191.975699	.81865
2192.940053	.81864
2193.904406	.81873
2194.868760	.81886
2195.833113	.81897
2196.797467	.81898
2197.761820	.81873
2198.726174	.81828
2199.690528	.81802
2200.654881	.81803
2201.619235	.81817
2202.583588	.81829
2203.547942	.81824
2204.512296	.8181
2205.476649	.81802
2206.441003	.81796
2207.405356	.81777
2208.369710	.81757
2209.334063	.81756
2210.298417	.81755
2211.262771	.81735
2212.227124	.81711
2213.191478	.81701
2214.155831	.81703
2215.120185	.81701
2216.084539	.81681
2217.048892	.81653
2218.013246	.81644
2218.977599	.81654
2219.941953	.81655
2220.906306	.81655
2221.870660	.81665
2222.835014	.81677
2223.799367	.81694
2224.763721	.81709
2225.728074	.81703
2226.692428	.81683
2227.656782	.81674
2228.621135	.81689
2229.585489	.81714
2230.549842	.81721
2231.514196	.81714
2232.478550	.81707
2233.442903	.81678
2234.407257	.81628
2235.371610	.81583
2236.335964	.81549
2237.300317	.81507
2238.264671	.81441
2239.229025	.81364
2240.193378	.81295
2241.157732	.81253
2242.122085	.81241
2243.086439	.81232
2244.050793	.81225
2245.015146	.81239
2245.979500	.81255
2246.943853	.8126
2247.908207	.81283
2248.872560	.81316
2249.836914	.8133
2250.801268	.81344
2251.765621	.81376
2252.729975	.81399
2253.694328	.81394
2254.658682	.81383
2255.623036	.81386
2256.587389	.81394
2257.551743	.81397
2258.516096	.81407
2259.480450	.81416
2260.444804	.81398
2261.409157	.81386
2262.373511	.81409
2263.337864	.81407
2264.302218	.81355
2265.266571	.81311
2266.230925	.81305
2267.195279	.813
2268.159632	.81272
2269.123986	.81249
2270.088339	.8124
2271.052693	.81218
2272.017047	.81188
2272.981400	.81159
2273.945754	.8113
2274.910107	.81111
2275.874461	.81092
2276.838814	.81071
2277.803168	.81055
2278.767522	.81045
2279.731875	.81032
2280.696229	.81014
2281.660582	.80991
2282.624936	.80972
2283.589290	.80967
2284.553643	.80981
2285.517997	.81018
2286.482350	.81057
2287.446704	.8107
2288.411057	.81061
2289.375411	.81062
2290.339765	.81088
2291.304118	.81108
2292.268472	.81119
2293.232825	.81142
2294.197179	.81154
2295.161533	.81148
2296.125886	.81154
2297.090240	.81173
2298.054593	.81188
2299.018947	.81204
2299.983301	.81222
2300.947654	.81241
2301.912008	.81287
2302.876361	.81356
2303.840715	.81411
2304.805068	.81449
2305.769422	.81495
2306.733776	.81555
2307.698129	.81618
2308.662483	.81684
2309.626836	.81755
2310.591190	.81828
2311.555544	.81914
2312.519897	.82014
2313.484251	.82088
2314.448604	.82101
2315.412958	.82113
2316.377311	.82188
2317.341665	.82317
2318.306019	.82464
2319.270372	.826
2320.234726	.82732
2321.199079	.82864
2322.163433	.82981
2323.127787	.83054
2324.092140	.83059
2325.056494	.83024
2326.020847	.83036
2326.985201	.83134
2327.949554	.83248
2328.913908	.83353
2329.878262	.83472
2330.842615	.83572
2331.806969	.83623
2332.771322	.83622
2333.735676	.83581
2334.700030	.83586
2335.664383	.83674
2336.628737	.83732
2337.593090	.83738
2338.557444	.83797
2339.521798	.83878
2340.486151	.83895
2341.450505	.83852
2342.414858	.83792
2343.379212	.83748
2344.343565	.83684
2345.307919	.83492
2346.272273	.83115
2347.236626	.82608
2348.200980	.82165
2349.165333	.82088
2350.129687	.82478
2351.094041	.83104
2352.058394	.83677
2353.022748	.84156
2353.987101	.84618
2354.951455	.84994
2355.915808	.85227
2356.880162	.85425
2357.844516	.8563
2358.808869	.85771
2359.773223	.85822
2360.737576	.85821
2361.701930	.85824
2362.666284	.85832
2363.630637	.85764
2364.594991	.85593
2365.559344	.85414
2366.523698	.85258
2367.488052	.8508
2368.452405	.84855
2369.416759	.84596
2370.381112	.84343
2371.345466	.84101
2372.309819	.83849
2373.274173	.83573
2374.238527	.83276
2375.202880	.82962
2376.167234	.82622
2377.131587	.82274
2378.095941	.8195
2379.060295	.8166
2380.024648	.81416
2380.989002	.81215
2381.953355	.81035
2382.917709	.80891
2383.882062	.80802
2384.846416	.80747
2385.810770	.80695
2386.775123	.80634
2387.739477	.80583
2388.703830	.80569
2389.668184	.8057
2390.632538	.80547
2391.596891	.80522
2392.561245	.8052
2393.525598	.8052
2394.489952	.80509
2395.454305	.80502
2396.418659	.80497
2397.383013	.80497
2398.347366	.805
2399.311720	.80491
2400.276073	.80468
2401.240427	.80454
2402.204781	.80454
2403.169134	.8045
2404.133488	.80443
2405.097841	.80435
2406.062195	.80428
2407.026549	.80423
2407.990902	.80406
2408.955256	.8037
2409.919609	.80328
2410.883963	.80285
2411.848316	.80246
2412.812670	.80217
2413.777024	.80192
2414.741377	.80175
2415.705731	.80187
2416.670084	.80205
2417.634438	.80186
2418.598792	.80152
2419.563145	.80148
2420.527499	.80169
2421.491852	.80189
2422.456206	.80211
2423.420559	.80233
2424.384913	.80241
2425.349267	.80239
2426.313620	.80241
2427.277974	.80263
2428.242327	.80293
2429.206681	.80314
2430.171035	.80323
2431.135388	.8032
2432.099742	.80318
2433.064095	.80326
2434.028449	.8034
2434.992802	.80358
2435.957156	.80376
2436.921510	.80383
2437.885863	.80367
2438.850217	.80342
2439.814570	.80341
2440.778924	.80361
2441.743278	.80368
2442.707631	.80353
2443.671985	.80337
2444.636338	.80323
2445.600692	.80313
2446.565046	.80329
2447.529399	.80353
2448.493753	.80338
2449.458106	.80295
2450.422460	.80276
2451.386813	.80282
2452.351167	.80272
2453.315521	.80235
2454.279874	.80207
2455.244228	.80204
2456.208581	.80216
2457.172935	.80234
2458.137289	.80245
2459.101642	.8023
2460.065996	.80187
2461.030349	.80153
2461.994703	.80154
2462.959056	.80159
2463.923410	.80141
2464.887764	.80125
2465.852117	.80129
2466.816471	.80123
2467.780824	.8009
2468.745178	.80038
2469.709532	.79965
2470.673885	.79888
2471.638239	.79836
2472.602592	.79823
2473.566946	.79841
2474.531300	.79866
2475.495653	.79875
2476.460007	.79864
2477.424360	.7985
2478.388714	.79834
2479.353067	.79811
2480.317421	.798
2481.281775	.79808
2482.246128	.79807
2483.210482	.79783
2484.174835	.79761
2485.139189	.79761
2486.103543	.79764
2487.067896	.79747
2488.032250	.79725
2488.996603	.79709
2489.960957	.79685
2490.925310	.79668
2491.889664	.79675
2492.854018	.79683
2493.818371	.7967
2494.782725	.7965
2495.747078	.79634
2496.711432	.79615
2497.675786	.79601
2498.640139	.79594
2499.604493	.79567
2500.568846	.79535
2501.533200	.79536
2502.497553	.79552
2503.461907	.79558
2504.426261	.7955
2505.390614	.79528
2506.354968	.795
2507.319321	.79478
2508.283675	.79457
2509.248029	.79428
2510.212382	.7939
2511.176736	.79352
2512.141089	.79328
2513.105443	.79313
2514.069797	.79283
2515.034150	.79231
2515.998504	.79177
2516.962857	.79139
2517.927211	.79118
2518.891564	.79096
2519.855918	.79041
2520.820272	.78966
2521.784625	.78894
2522.748979	.78816
2523.713332	.78731
2524.677686	.78675
2525.642040	.78666
2526.606393	.78675
2527.570747	.78674
2528.535100	.78674
2529.499454	.78699
2530.463807	.78747
2531.428161	.78794
2532.392515	.78845
2533.356868	.789
2534.321222	.78936
2535.285575	.7896
2536.249929	.78986
2537.214283	.79002
2538.178636	.78997
2539.142990	.78987
2540.107343	.78981
2541.071697	.78965
2542.036050	.7893
2543.000404	.78883
2543.964758	.78824
2544.929111	.78759
2545.893465	.78709
2546.857818	.7868
2547.822172	.78666
2548.786526	.78656
2549.750879	.78626
2550.715233	.78588
2551.679586	.78578
2552.643940	.78583
2553.608294	.78578
2554.572647	.78573
2555.537001	.78575
2556.501354	.78567
2557.465708	.78537
2558.430061	.7851
2559.394415	.785
2560.358769	.78486
2561.323122	.78463
2562.287476	.78447
2563.251829	.78436
2564.216183	.78416
2565.180537	.78387
2566.144890	.78357
2567.109244	.78328
2568.073597	.78301
2569.037951	.78283
2570.002304	.7827
2570.966658	.78248
2571.931012	.78214
2572.895365	.7817
2573.859719	.78128
2574.824072	.78106
2575.788426	.78087
2576.752780	.78036
2577.717133	.77964
2578.681487	.77907
2579.645840	.77888
2580.610194	.77888
2581.574547	.77859
2582.538901	.77794
2583.503255	.77733
2584.467608	.77698
2585.431962	.77676
2586.396315	.77647
2587.360669	.77603
2588.325023	.77538
2589.289376	.77461
2590.253730	.77394
2591.218083	.77342
2592.182437	.77281
2593.146791	.7721
2594.111144	.77155
2595.075498	.77125
2596.039851	.77095
2597.004205	.77051
2597.968558	.77004
2598.932912	.76965
2599.897266	.76937
2600.861619	.76916
2601.825973	.76875
2602.790326	.7681
2603.754680	.76748
2604.719034	.76699
2605.683387	.76642
2606.647741	.76577
2607.612094	.76513
2608.576448	.76455
2609.540801	.76409
2610.505155	.76363
2611.469509	.7629
2612.433862	.76204
2613.398216	.76138
2614.362569	.76083
2615.326923	.76006
2616.291277	.75902
2617.255630	.75797
2618.219984	.75726
2619.184337	.75674
2620.148691	.75602
2621.113045	.75506
2622.077398	.75409
2623.041752	.75322
2624.006105	.75239
2624.970459	.75138
2625.934812	.75031
2626.899166	.74949
2627.863520	.74877
2628.827873	.74772
2629.792227	.74651
2630.756580	.74569
2631.720934	.74521
2632.685288	.7446
2633.649641	.74391
2634.613995	.74355
2635.578348	.74355
2636.542702	.74361
2637.507055	.74381
2638.471409	.7442
2639.435763	.74442
2640.400116	.74443
2641.364470	.74465
2642.328823	.74514
2643.293177	.74553
2644.257531	.74568
2645.221884	.74561
2646.186238	.74549
2647.150591	.74559
2648.114945	.74567
2649.079298	.74535
2650.043652	.74494
2651.008006	.74469
2651.972359	.74429
2652.936713	.74369
2653.901066	.74336
2654.865420	.74317
2655.829774	.74276
2656.794127	.74238
2657.758481	.7422
2658.722834	.74199
2659.687188	.74167
2660.651542	.74139
2661.615895	.74141
2662.580249	.74181
2663.544602	.74213
2664.508956	.74209
2665.473309	.74218
2666.437663	.74264
2667.402017	.743
2668.366370	.74315
2669.330724	.74353
2670.295077	.74412
2671.259431	.74474
2672.223785	.74526
2673.188138	.74554
2674.152492	.74594
2675.116845	.74671
2676.081199	.7474
2677.045552	.74769
2678.009906	.74777
2678.974260	.74792
2679.938613	.74813
2680.902967	.74827
2681.867320	.74843
2682.831674	.74872
2683.796028	.74896
2684.760381	.74896
2685.724735	.749
2686.689088	.74919
2687.653442	.74927
2688.617795	.74927
2689.582149	.74935
2690.546503	.74931
2691.510856	.74913
2692.475210	.74904
2693.439563	.74906
2694.403917	.74907
2695.368271	.74906
2696.332624	.749
2697.296978	.7488
2698.261331	.74847
2699.225685	.74816
2700.190039	.74781
2701.154392	.74743
2702.118746	.7471
2703.083099	.74671
2704.047453	.74618
2705.011806	.74562
2705.976160	.74511
2706.940514	.74462
2707.904867	.74427
2708.869221	.74418
2709.833574	.7441
2710.797928	.74384
2711.762282	.74361
2712.726635	.74354
2713.690989	.74332
2714.655342	.74286
2715.619696	.74245
2716.584049	.74209
2717.548403	.74154
2718.512757	.74102
2719.477110	.74075
2720.441464	.74042
2721.405817	.73998
2722.370171	.73961
2723.334525	.73904
2724.298878	.73829
2725.263232	.73763
2726.227585	.73708
2727.191939	.7366
2728.156293	.7362
2729.120646	.73575
2730.085000	.73525
2731.049353	.73474
2732.013707	.73411
2732.978060	.73331
2733.942414	.73262
2734.906768	.7323
2735.871121	.73206
2736.835475	.73169
2737.799828	.73143
2738.764182	.73123
2739.728536	.73104
2740.692889	.73095
2741.657243	.73069
2742.621596	.73024
2743.585950	.73006
2744.550303	.73022
2745.514657	.73032
2746.479011	.73021
2747.443364	.73
2748.407718	.72989
2749.372071	.72992
2750.336425	.72987
2751.300779	.72959
2752.265132	.72909
2753.229486	.72854
2754.193839	.72797
2755.158193	.72731
2756.122546	.7266
2757.086900	.72593
2758.051254	.72522
2759.015607	.72446
2759.979961	.72368
2760.944314	.72304
2761.908668	.72257
2762.873022	.72193
2763.837375	.72095
2764.801729	.72001
2765.766082	.71923
2766.730436	.71835
2767.694790	.7173
2768.659143	.71637
2769.623497	.7155
2770.587850	.71437
2771.552204	.71305
2772.516557	.71169
2773.480911	.71053
2774.445265	.7099
2775.409618	.70923
2776.373972	.70779
2777.338325	.70596
2778.302679	.70449
2779.267033	.70323
2780.231386	.70178
2781.195740	.70007
2782.160093	.69808
2783.124447	.69589
2784.088800	.69373
2785.053154	.69153
2786.017508	.68912
2786.981861	.68652
2787.946215	.68399
2788.910568	.68157
2789.874922	.67913
2790.839276	.67663
2791.803629	.67401
2792.767983	.67137
2793.732336	.6689
2794.696690	.66634
2795.661043	.66342
2796.625397	.66065
2797.589751	.65839
2798.554104	.65605
2799.518458	.65335
2800.482811	.6508
2801.447165	.6484
2802.411519	.64573
2803.375872	.64281
2804.340226	.63983
2805.304579	.63689
2806.268933	.63391
2807.233287	.63082
2808.197640	.62761
2809.161994	.62415
2810.126347	.62045
2811.090701	.61663
2812.055054	.61278
2813.019408	.60901
2813.983762	.60487
2814.948115	.6001
2815.912469	.5952
2816.876822	.59039
2817.841176	.5852
2818.805530	.57945
2819.769883	.57351
2820.734237	.56754
2821.698590	.56119
2822.662944	.55417
2823.627297	.54641
2824.591651	.53794
2825.556005	.52891
2826.520358	.5194
2827.484712	.50917
2828.449065	.49802
2829.413419	.48614
2830.377773	.47373
2831.342126	.46063
2832.306480	.44642
2833.270833	.43055
2834.235187	.41252
2835.199541	.39203
2836.163894	.36874
2837.128248	.34222
2838.092601	.31233
2839.056955	.27884
2840.021308	.24126
2840.985662	.19999
2841.950016	.15687
2842.914369	.11458
2843.878723	.07639
2844.843076	.045284
2845.807430	.023153
2846.771784	.010081
2847.736137	.0040177
2848.700491	.0020924
2849.664844	.0019106
2850.629198	.002529
2851.593551	.0038569
2852.557905	.0063853
2853.522259	.010605
2854.486612	.017316
2855.450966	.027921
2856.415319	.043453
2857.379673	.064229
2858.344027	.089895
2859.308380	.11951
2860.272734	.15157
2861.237087	.18429
2862.201441	.21614
2863.165794	.24591
2864.130148	.2726
2865.094502	.29555
2866.058855	.31453
2867.023209	.32961
2867.987562	.34112
2868.951916	.34946
2869.916270	.35499
2870.880623	.35784
2871.844977	.35796
2872.809330	.35544
2873.773684	.3506
2874.738038	.34348
2875.702391	.33409
2876.666745	.32276
2877.631098	.30985
2878.595452	.29577
2879.559805	.28117
2880.524159	.26643
2881.488513	.2517
2882.452866	.23722
2883.417220	.22328
2884.381573	.21003
2885.345927	.19746
2886.310281	.1854
2887.274634	.17394
2888.238988	.16314
2889.203341	.15291
2890.167695	.14319
2891.132048	.1341
2892.096402	.12576
2893.060756	.11805
2894.025109	.11073
2894.989463	.10381
2895.953816	.0975
2896.918170	.091862
2897.882524	.086603
2898.846877	.08155
2899.811231	.076731
2900.775584	.072063
2901.739938	.06745
2902.704291	.062787
2903.668645	.057909
2904.632999	.052847
2905.597352	.047604
2906.561706	.04192
2907.526059	.035826
2908.490413	.029597
2909.454767	.023345
2910.419120	.017379
2911.383474	.012104
2912.347827	.0077004
2913.312181	.0043607
2914.276535	.0021831
2915.240888	.0010931
2916.205242	.0007915
2917.169595	.0008719
2918.133949	.0009988
2919.098302	.0009577
2920.062656	.0009096
2921.027010	.001055
2921.991363	.0009666
2922.955717	.0005308
2923.920070	.0004196
2924.884424	.0007385
2925.848778	.0012415
2926.813131	.0018035
2927.777485	.0023675
2928.741838	.003575
2929.706192	.0060399
2930.670545	.0097591
2931.634899	.014768
2932.599253	.021516
2933.563606	.030407
2934.527960	.041942
2935.492313	.056555
2936.456667	.074135
2937.421021	.094469
2938.385374	.11754
2939.349728	.14311
2940.314081	.17071
2941.278435	.19987
2942.242789	.23005
2943.207142	.26044
2944.171496	.29012
2945.135849	.31847
2946.100203	.34519
2947.064556	.36982
2948.028910	.39195
2948.993264	.41172
2949.957617	.42956
2950.921971	.44581
2951.886324	.46058
2952.850678	.47427
2953.815032	.48745
2954.779385	.50029
2955.743739	.51264
2956.708092	.52453
2957.672446	.53613
2958.636799	.54753
2959.601153	.55866
2960.565507	.56927
2961.529860	.57927
2962.494214	.58891
2963.458567	.59831
2964.422921	.60727
2965.387275	.61563
2966.351628	.62337
2967.315982	.63083
2968.280335	.63823
2969.244689	.6452
2970.209042	.65154
2971.173396	.65754
2972.137750	.66331
2973.102103	.66874
2974.066457	.67366
2975.030810	.67807
2975.995164	.68232
2976.959518	.68651
2977.923871	.69011
2978.888225	.69322
2979.852578	.6966
2980.816932	.70007
2981.781286	.70306
2982.745639	.7059
2983.709993	.70885
2984.674346	.71142
2985.638700	.71344
2986.603053	.71524
2987.567407	.71687
2988.531761	.71847
2989.496114	.72031
2990.460468	.72195
2991.424821	.72302
2992.389175	.72408
2993.353529	.72557
2994.317882	.72695
2995.282236	.72777
2996.246589	.72847
2997.210943	.72938
2998.175296	.73022
2999.139650	.73071
3000.104004	.73115
3001.068357	.73186
3002.032711	.73254
3002.997064	.73317
3003.961418	.734
3004.925772	.73489
3005.890125	.73556
3006.854479	.73611
3007.818832	.73678
3008.783186	.73756
3009.747539	.7382
3010.711893	.73872
3011.676247	.73934
3012.640600	.73986
3013.604954	.74006
3014.569307	.74038
3015.533661	.74092
3016.498015	.74132
3017.462368	.74168
3018.426722	.7421
3019.391075	.74226
3020.355429	.74229
3021.319783	.74247
3022.284136	.74286
3023.248490	.74319
3024.212843	.7434
3025.177197	.74385
3026.141550	.74437
3027.105904	.7445
3028.070258	.7446
3029.034611	.74511
3029.998965	.7458
3030.963318	.74617
3031.927672	.74629
3032.892026	.74659
3033.856379	.74702
3034.820733	.74739
3035.785086	.74773
3036.749440	.74809
3037.713793	.74874
3038.678147	.74977
3039.642501	.75078
3040.606854	.7515
3041.571208	.75203
3042.535561	.75255
3043.499915	.75332
3044.464269	.75426
3045.428622	.75503
3046.392976	.75563
3047.357329	.7563
3048.321683	.75708
3049.286037	.75772
3050.250390	.75808
3051.214744	.75834
3052.179097	.75878
3053.143451	.75936
3054.107804	.75974
3055.072158	.75998
3056.036512	.76042
3057.000865	.76086
3057.965219	.76115
3058.929572	.76138
3059.893926	.76139
3060.858280	.76118
3061.822633	.76113
3062.786987	.76141
3063.751340	.76183
3064.715694	.76229
3065.680047	.7627
3066.644401	.76273
3067.608755	.76247
3068.573108	.76234
3069.537462	.76218
3070.501815	.76178
3071.466169	.76141
3072.430523	.76127
3073.394876	.76133
3074.359230	.76142
3075.323583	.76147
3076.287937	.76155
3077.252290	.76172
3078.216644	.76201
3079.180998	.76246
3080.145351	.76289
3081.109705	.76322
3082.074058	.76368
3083.038412	.76424
3084.002766	.76455
3084.967119	.76458
3085.931473	.76463
3086.895826	.76493
3087.860180	.76553
3088.824534	.76627
3089.788887	.76704
3090.753241	.76775
3091.717594	.76827
3092.681948	.76891
3093.646301	.77004
3094.610655	.77142
3095.575009	.77268
3096.539362	.77365
3097.503716	.77432
3098.468069	.77503
3099.432423	.77598
3100.396777	.77687
3101.361130	.77742
3102.325484	.77775
3103.289837	.7781
3104.254191	.77856
3105.218544	.77898
3106.182898	.77922
3107.147252	.77941
3108.111605	.77971
3109.075959	.78008
3110.040312	.7804
3111.004666	.78063
3111.969020	.78084
3112.933373	.78114
3113.897727	.7816
3114.862080	.78211
3115.826434	.78233
3116.790787	.78223
3117.755141	.78217
3118.719495	.78239
3119.683848	.78266
3120.648202	.78278
3121.612555	.78282
3122.576909	.78272
3123.541263	.78262
3124.505616	.78294
3125.469970	.78333
3126.434323	.78324
3127.398677	.783
3128.363031	.78301
3129.327384	.78304
3130.291738	.78302
3131.256091	.78311
3132.220445	.78318
3133.184798	.78305
3134.149152	.78284
3135.113506	.78273
3136.077859	.78272
3137.042213	.78274
3138.006566	.78277
3138.970920	.78292
3139.935274	.78305
3140.899627	.78281
3141.863981	.78239
3142.828334	.78232
3143.792688	.78277
3144.757041	.78328
3145.721395	.78335
3146.685749	.78306
3147.650102	.78277
3148.614456	.78271
3149.578809	.78283
3150.543163	.78297
3151.507517	.78311
3152.471870	.78319
3153.436224	.78313
3154.400577	.7831
3155.364931	.7831
3156.329284	.78303
3157.293638	.78299
3158.257992	.78284
3159.222345	.78267
3160.186699	.78292
3161.151052	.78322
3162.115406	.78294
3163.079760	.78245
3164.044113	.78241
3165.008467	.78254
3165.972820	.78228
3166.937174	.7818
3167.901528	.78168
3168.865881	.78194
3169.830235	.78202
3170.794588	.78184
3171.758942	.78172
3172.723295	.78171
3173.687649	.78174
3174.652003	.78187
3175.616356	.78209
3176.580710	.7822
3177.545063	.78217
3178.509417	.78212
3179.473771	.78202
3180.438124	.78192
3181.402478	.7819
3182.366831	.78188
3183.331185	.78186
3184.295538	.78178
3185.259892	.78161
3186.224246	.78143
3187.188599	.78142
3188.152953	.78171
3189.117306	.7819
3190.081660	.78166
3191.046014	.7814
3192.010367	.78139
3192.974721	.78166
3193.939074	.78197
3194.903428	.78193
3195.867782	.78176
3196.832135	.78173
3197.796489	.78159
3198.760842	.78133
3199.725196	.78125
3200.689549	.78122
3201.653903	.78095
3202.618257	.7806
3203.582610	.78041
3204.546964	.78033
3205.511317	.78038
3206.475671	.78071
3207.440025	.78111
3208.404378	.78122
3209.368732	.7811
3210.333085	.78101
3211.297439	.78092
3212.261792	.78065
3213.226146	.78025
3214.190500	.78012
3215.154853	.78034
3216.119207	.78055
3217.083560	.78067
3218.047914	.78093
3219.012268	.78106
3219.976621	.78068
3220.940975	.78022
3221.905328	.78001
3222.869682	.77993
3223.834035	.78011
3224.798389	.78042
3225.762743	.78042
3226.727096	.78014
3227.691450	.77988
3228.655803	.77969
3229.620157	.77966
3230.584511	.77985
3231.548864	.78004
3232.513218	.78004
3233.477571	.77994
3234.441925	.77982
3235.406279	.77972
3236.370632	.77957
3237.334986	.77933
3238.299339	.77926
3239.263693	.77942
3240.228046	.77944
3241.192400	.77923
3242.156754	.77911
3243.121107	.77915
3244.085461	.77938
3245.049814	.77957
3246.014168	.77923
3246.978522	.77863
3247.942875	.77847
3248.907229	.77861
3249.871582	.7787
3250.835936	.7786
3251.800289	.77837
3252.764643	.77851
3253.728997	.77901
3254.693350	.77926
3255.657704	.77911
3256.622057	.77889
3257.586411	.77876
3258.550765	.77862
3259.515118	.77851
3260.479472	.77841
3261.443825	.77818
3262.408179	.77803
3263.372532	.7781
3264.336886	.77819
3265.301240	.77804
3266.265593	.77763
3267.229947	.77723
3268.194300	.77714
3269.158654	.77732
3270.123008	.77745
3271.087361	.77752
3272.051715	.77784
3273.016068	.77817
3273.980422	.77787
3274.944776	.77729
3275.909129	.77701
3276.873483	.77676
3277.837836	.7766
3278.802190	.77672
3279.766543	.77668
3280.730897	.77643
3281.695251	.77632
3282.659604	.77639
3283.623958	.77655
3284.588311	.77676
3285.552665	.77691
3286.517019	.77679
3287.481372	.77644
3288.445726	.77615
3289.410079	.77616
3290.374433	.7764
3291.338786	.77655
3292.303140	.77661
3293.267494	.77666
3294.231847	.77658
3295.196201	.77648
3296.160554	.77655
3297.124908	.77652
3298.089262	.77621
3299.053615	.776
3300.017969	.77599
3300.982322	.77584
3301.946676	.77568
3302.911030	.77562
3303.875383	.77547
3304.839737	.77537
3305.804090	.77549
3306.768444	.77574
3307.732797	.77596
3308.697151	.77581
3309.661505	.77524
3310.625858	.77486
3311.590212	.77492
3312.554565	.77499
3313.518919	.77486
3314.483273	.77466
3315.447626	.77445
3316.411980	.77438
3317.376333	.7745
3318.340687	.77441
3319.305040	.77399
3320.269394	.77379
3321.233748	.77414
3322.198101	.77463
3323.162455	.77473
3324.126808	.77461
3325.091162	.77463
3326.055516	.7747
3327.019869	.7746
3327.984223	.77438
3328.948576	.77412
3329.912930	.77381
3330.877283	.77365
3331.841637	.77369
3332.805991	.77366
3333.770344	.7734
3334.734698	.77304
3335.699051	.77281
3336.663405	.77267
3337.627759	.77254
3338.592112	.77251
3339.556466	.77247
3340.520819	.77239
3341.485173	.77247
3342.449527	.77252
3343.413880	.77218
3344.378234	.77173
3345.342587	.77167
3346.306941	.77184
3347.271294	.7718
3348.235648	.77168
3349.200002	.77163
3350.164355	.77155
3351.128709	.77144
3352.093062	.77151
3353.057416	.77169
3354.021770	.77165
3354.986123	.77153
3355.950477	.77153
3356.914830	.77143
3357.879184	.77109
3358.843537	.7708
3359.807891	.77075
3360.772245	.77082
3361.736598	.77094
3362.700952	.77098
3363.665305	.77075
3364.629659	.77045
3365.594013	.77039
3366.558366	.7705
3367.522720	.77054
3368.487073	.77027
3369.451427	.76981
3370.415780	.76951
3371.380134	.76942
3372.344488	.76941
3373.308841	.76938
3374.273195	.76926
3375.237548	.76907
3376.201902	.76905
3377.166256	.76941
3378.130609	.76983
3379.094963	.76989
3380.059316	.76979
3381.023670	.7697
3381.988024	.76967
3382.952377	.76984
3383.916731	.77011
3384.881084	.77037
3385.845438	.77073
3386.809791	.77083
3387.774145	.77033
3388.738499	.76987
3389.702852	.76988
3390.667206	.77001
3391.631559	.77031
3392.595913	.77066
3393.560267	.77046
3394.524620	.76999
3395.488974	.76997
3396.453327	.7703
3397.417681	.77045
3398.382034	.77029
3399.346388	.77026
3400.310742	.7706
3401.275095	.77073
3402.239449	.7702
3403.203802	.76959
3404.168156	.7694
3405.132510	.7694
3406.096863	.76931
3407.061217	.76936
3408.025570	.76948
3408.989924	.76928
3409.954278	.76904
3410.918631	.76902
3411.882985	.7691
3412.847338	.76931
3413.811692	.76947
3414.776045	.76926
3415.740399	.76891
3416.704753	.76889
3417.669106	.76909
3418.633460	.76925
3419.597813	.76953
3420.562167	.76985
3421.526521	.76974
3422.490874	.76919
3423.455228	.76866
3424.419581	.76852
3425.383935	.76871
3426.348288	.76882
3427.312642	.7686
3428.276996	.76843
3429.241349	.76843
3430.205703	.76843
3431.170056	.76846
3432.134410	.76832
3433.098764	.76819
3434.063117	.76851
3435.027471	.76863
3435.991824	.76801
3436.956178	.76746
3437.920531	.76772
3438.884885	.7682
3439.849239	.76811
3440.813592	.7679
3441.777946	.76826
3442.742299	.76856
3443.706653	.76831
3444.671007	.7682
3445.635360	.76875
3446.599714	.76948
3447.564067	.76934
3448.528421	.76833
3449.492775	.76753
3450.457128	.76732
3451.421482	.76742
3452.385835	.76768
3453.350189	.76776
3454.314542	.76762
3455.278896	.76765
3456.243250	.76774
3457.207603	.76755
3458.171957	.76745
3459.136310	.76778
3460.100664	.76805
3461.065018	.76822
3462.029371	.7686
3462.993725	.76877
3463.958078	.76849
3464.922432	.76807
3465.886785	.76785
3466.851139	.76798
3467.815493	.76811
3468.779846	.768
3469.744200	.76785
3470.708553	.76759
3471.672907	.76725
3472.637261	.76731
3473.601614	.7677
3474.565968	.76781
3475.530321	.7675
3476.494675	.76711
3477.459028	.76689
3478.423382	.76692
3479.387736	.76717
3480.352089	.76747
3481.316443	.76774
3482.280796	.7676
3483.245150	.76695
3484.209504	.76664
3485.173857	.76681
3486.138211	.76706
3487.102564	.76757
3488.066918	.76787
3489.031272	.76744
3489.995625	.76689
3490.959979	.76672
3491.924332	.76674
3492.888686	.76688
3493.853039	.76716
3494.817393	.76752
3495.781747	.76778
3496.746100	.7675
3497.710454	.76694
3498.674807	.76695
3499.639161	.76737
3500.603515	.76758
3501.567868	.76783
3502.532222	.76829
3503.496575	.76844
3504.460929	.76799
3505.425282	.76727
3506.389636	.76688
3507.353990	.76701
3508.318343	.76762
3509.282697	.76808
3510.247050	.76743
3511.211404	.76626
3512.175758	.76563
3513.140111	.76536
3514.104465	.76523
3515.068818	.76524
3516.033172	.76531
3516.997526	.76561
3517.961879	.76606
3518.926233	.76625
3519.890586	.76614
3520.854940	.7663
3521.819293	.76711
3522.783647	.76792
3523.748001	.76783
3524.712354	.76732
3525.676708	.76738
3526.641061	.7681
3527.605415	.76882
3528.569769	.76868
3529.534122	.7676
3530.498476	.76648
3531.462829	.76574
3532.427183	.76506
3533.391536	.76483
3534.355890	.76547
3535.320244	.76621
3536.284597	.76625
3537.248951	.76561
3538.213304	.76485
3539.177658	.76443
3540.142012	.76431
3541.106365	.76445
3542.070719	.76492
3543.035072	.76572
3543.999426	.76675
3544.963779	.76761
3545.928133	.76813
3546.892487	.76807
3547.856840	.76687
3548.821194	.7651
3549.785547	.76418
3550.749901	.76475
3551.714255	.76609
3552.678608	.76641
3553.642962	.76527
3554.607315	.76403
3555.571669	.76347
3556.536023	.76355
3557.500376	.76392
3558.464730	.76422
3559.429083	.76437
3560.393437	.76445
3561.357790	.76453
3562.322144	.76498
3563.286498	.76577
3564.250851	.76689
3565.215205	.76956
3566.179558	.7737
3567.143912	.77657
3568.108266	.77513
3569.072619	.76976
3570.036973	.7648
3571.001326	.76263
3571.965680	.76195
3572.930033	.76169
3573.894387	.76184
3574.858741	.76218
3575.823094	.76237
3576.787448	.76228
3577.751801	.76195
3578.716155	.76182
3579.680509	.76202
3580.644862	.76183
3581.609216	.76126
3582.573569	.7612
3583.537923	.76156
3584.502276	.76288
3585.466630	.76691
3586.430984	.77204
3587.395337	.77464
3588.359691	.77361
3589.324044	.76855
3590.288398	.76221
3591.252752	.75949
3592.217105	.76033
3593.181459	.76142
3594.145812	.76182
3595.110166	.76163
3596.074520	.75986
3597.038873	.75735
3598.003227	.75597
3598.967580	.75542
3599.931934	.75484
3600.896287	.75353
3601.860641	.75135
3602.824995	.74949
3603.789348	.74863
3604.753702	.74908
3605.718055	.75164
3606.682409	.75535
3607.646763	.75934
3608.611116	.76347
3609.575470	.76356
3610.539823	.75956
3611.504177	.75894
3612.468530	.76157
3613.432884	.76159
3614.397238	.75942
3615.361591	.75793
3616.325945	.75894
3617.290298	.76317
3618.254652	.76845
3619.219006	.77137
3620.183359	.76891
3621.147713	.76267
3622.112066	.75793
3623.076420	.75618
3624.040774	.75587
3625.005127	.75652
3625.969481	.75939
3626.933834	.76759
3627.898188	.78172
3628.862541	.79162
3629.826895	.78507
3630.791249	.76941
3631.755602	.75945
3632.719956	.75803
3633.684309	.75893
3634.648663	.75705
3635.613017	.75376
3636.577370	.75206
3637.541724	.75183
3638.506077	.75145
3639.470431	.75043
3640.434784	.7496
3641.399138	.74966
3642.363492	.74973
3643.327845	.74902
3644.292199	.74915
3645.256552	.75286
3646.220906	.76068
3647.185260	.76932
3648.149613	.77657
3649.113967	.78186
3650.078320	.78122
3651.042674	.77287
3652.007027	.7616
3652.971381	.75347
3653.935735	.75196
3654.900088	.75762
3655.864442	.76519
3656.828795	.76446
3657.793149	.75633
3658.757503	.75094
3659.721856	.75017
3660.686210	.7505
3661.650563	.75035
3662.614917	.74985
3663.579271	.74966
3664.543624	.75014
3665.507978	.7511
3666.472331	.75296
3667.436685	.75784
3668.401038	.7663
3669.365392	.77629
3670.329746	.7821
3671.294099	.77569
3672.258453	.7639
3673.222806	.76316
3674.187160	.77726
3675.151514	.79256
3676.115867	.78968
3677.080221	.77263
3678.044574	.76074
3679.008928	.75787
3679.973281	.7565
3680.937635	.7535
3681.901989	.75144
3682.866342	.75141
3683.830696	.75191
3684.795049	.75232
3685.759403	.75444
3686.723757	.76274
3687.688110	.77676
3688.652464	.78286
3689.616817	.77632
3690.581171	.77027
3691.545524	.76617
3692.509878	.75947
3693.474232	.75419
3694.438585	.75241
3695.402939	.75209
3696.367292	.75199
3697.331646	.75169
3698.296000	.75159
3699.260353	.75264
3700.224707	.75631
3701.189060	.76124
3702.153414	.7617
3703.117768	.75705
3704.082121	.75349
3705.046475	.75289
3706.010828	.75312
3706.975182	.75439
3707.939535	.75887
3708.903889	.76515
3709.868243	.7689
3710.832596	.77304
3711.796950	.77819
3712.761303	.77391
3713.725657	.76232
3714.690011	.75526
3715.654364	.7532
3716.618718	.75259
3717.583071	.75349
3718.547425	.75504
3719.511778	.75542
3720.476132	.75629
3721.440486	.75957
3722.404839	.76172
3723.369193	.76033
3724.333546	.75957
3725.297900	.76153
3726.262254	.76285
3727.226607	.76062
3728.190961	.7568
3729.155314	.7553
3730.119668	.75882
3731.084022	.76787
3732.048375	.77524
3733.012729	.7744
3733.977082	.77368
3734.941436	.77882
3735.905789	.78235
3736.870143	.77794
3737.834497	.76846
3738.798850	.76054
3739.763204	.75752
3740.727557	.75765
3741.691911	.7597
3742.656265	.7704
3743.620618	.79436
3744.584972	.80887
3745.549325	.7915
3746.513679	.76939
3747.478032	.76662
3748.442386	.78039
3749.406740	.79132
3750.371093	.7887
3751.335447	.78746
3752.299800	.78692
3753.264154	.77339
3754.228508	.75841
3755.192861	.75419
3756.157215	.75586
3757.121568	.7564
3758.085922	.75701
3759.050275	.76002
3760.014629	.76055
3760.978983	.75607
3761.943336	.75156
3762.907690	.74985
3763.872043	.75083
3764.836397	.75418
3765.800751	.75604
3766.765104	.7538
3767.729458	.7525
3768.693811	.75657
3769.658165	.76114
3770.622519	.75892
3771.586872	.75265
3772.551226	.74866
3773.515579	.74735
3774.479933	.74689
3775.444286	.74659
3776.408640	.7469
3777.372994	.74897
3778.337347	.75303
3779.301701	.75595
3780.266054	.75401
3781.230408	.74977
3782.194762	.74767
3783.159115	.74794
3784.123469	.74895
3785.087822	.749
3786.052176	.74766
3787.016529	.74634
3787.980883	.74572
3788.945237	.74528
3789.909590	.74489
3790.873944	.74498
3791.838297	.7454
3792.802651	.74557
3793.767005	.74581
3794.731358	.74838
3795.695712	.75342
3796.660065	.75581
3797.624419	.75311
3798.588772	.75099
3799.553126	.75686
3800.517480	.77109
3801.481833	.7792
3802.446187	.7697
3803.410540	.75577
3804.374894	.75002
3805.339248	.75413
3806.303601	.76382
3807.267955	.76589
3808.232308	.75616
3809.196662	.74697
3810.161016	.7437
3811.125369	.743
3812.089723	.74303
3813.054076	.74442
3814.018430	.74999
3814.982783	.76238
3815.947137	.77192
3816.911491	.76526
3817.875844	.75333
3818.840198	.75182
3819.804551	.76113
3820.768905	.7716
3821.733259	.77034
3822.697612	.75791
3823.661966	.7475
3824.626319	.74458
3825.590673	.74629
3826.555026	.74833
3827.519380	.74768
3828.483734	.74538
3829.448087	.74514
3830.412441	.74894
3831.376794	.75305
3832.341148	.75211
3833.305502	.75044
3834.269855	.7536
3835.234209	.75732
3836.198562	.76178
3837.162916	.77137
3838.127269	.77482
3839.091623	.7656
3840.055977	.75738
3841.020330	.754
3841.984684	.75147
3842.949037	.75095
3843.913391	.75043
3844.877745	.74669
3845.842098	.74286
3846.806452	.74173
3847.770805	.74234
3848.735159	.74389
3849.699513	.74758
3850.663866	.7572
3851.628220	.77315
3852.592573	.79111
3853.556927	.80452
3854.521280	.79676
3855.485634	.77046
3856.449988	.75183
3857.414341	.74554
3858.378695	.74278
3859.343048	.74171
3860.307402	.7439
3861.271756	.74763
3862.236109	.74915
3863.200463	.75009
3864.164816	.75446
3865.129170	.75673
3866.093523	.75121
3867.057877	.7457
3868.022231	.74921
3868.986584	.76019
3869.950938	.76573
3870.915291	.75757
3871.879645	.74724
3872.843999	.74572
3873.808352	.74913
3874.772706	.74831
3875.737059	.74308
3876.701413	.73941
3877.665767	.73934
3878.630120	.74331
3879.594474	.74984
3880.558827	.75211
3881.523181	.74767
3882.487534	.74288
3883.451888	.74307
3884.416242	.74941
3885.380595	.75665
3886.344949	.75448
3887.309302	.74495
3888.273656	.73903
3889.238010	.74019
3890.202363	.74627
3891.166717	.75091
3892.131070	.74791
3893.095424	.74161
3894.059777	.7384
3895.024131	.73748
3895.988485	.73704
3896.952838	.73851
3897.917192	.74341
3898.881545	.74906
3899.845899	.75083
3900.810253	.75082
3901.774606	.7522
3902.738960	.75358
3903.703313	.75445
3904.667667	.7526
3905.632020	.7465
3906.596374	.74014
3907.560728	.73651
3908.525081	.73534
3909.489435	.73525
3910.453788	.73514
3911.418142	.735
3912.382496	.73514
3913.346849	.7353
3914.311203	.73561
3915.275556	.73755
3916.239910	.74121
3917.204264	.74306
3918.168617	.7414
3919.132971	.73972
3920.097324	.73937
3921.061678	.73805
3922.026031	.73636
3922.990385	.73665
3923.954739	.73855
3924.919092	.73951
3925.883446	.73821
3926.847799	.73621
3927.812153	.73563
3928.776507	.73659
3929.740860	.73764
3930.705214	.7386
3931.669567	.74024
3932.633921	.74105
3933.598274	.7397
3934.562628	.73782
3935.526982	.73671
3936.491335	.73627
3937.455689	.73636
3938.420042	.73657
3939.384396	.73677
3940.348750	.73744
3941.313103	.73908
3942.277457	.74073
3943.241810	.74044
3944.206164	.73866
3945.170517	.73752
3946.134871	.73783
3947.099225	.73898
3948.063578	.73996
3949.027932	.74034
3949.992285	.73986
3950.956639	.7386
3951.920993	.73767
3952.885346	.73722
3953.849700	.73649
3954.814053	.73614
3955.778407	.73679
3956.742761	.7373
3957.707114	.737
3958.671468	.73663
3959.635821	.73659
3960.600175	.73673
3961.564528	.73678
3962.528882	.73657
3963.493236	.73608
3964.457589	.73544
3965.421943	.73511
3966.386296	.73535
3967.350650	.73577
3968.315004	.73615
3969.279357	.73651
3970.243711	.73658
3971.208064	.73601
3972.172418	.7353
3973.136771	.73522
3974.101125	.73552
3975.065479	.7357
3976.029832	.73583
3976.994186	.73587
3977.958539	.73551
3978.922893	.73497
3979.887247	.73497
3980.851600	.73551
3981.815954	.73579
3982.780307	.73542
3983.744661	.73507
3984.709015	.73515
3985.673368	.73508
3986.637722	.73473
3987.602075	.73448
3988.566429	.73452
3989.530782	.73456
3990.495136	.73445
3991.459490	.73438
3992.423843	.73437
3993.388197	.73459
3994.352550	.73516
3995.316904	.73562
3996.281258	.73548
3997.245611	.735
3998.209965	.7348
3999.174318	.73511
4000.138672	.73563
