499.535156	.51981
500.499510	.52067
501.463863	.51976
502.428217	.51864
503.392571	.51943
504.356924	.52044
505.321278	.51868
506.285631	.51467
507.249985	.50943
508.214339	.50056
509.178692	.48562
510.143046	.45713
511.107399	.40124
512.071753	.32282
513.036106	.25271
514.000460	.21309
514.964814	.19805
515.929167	.19396
516.893521	.19648
517.857874	.20234
518.822228	.20722
519.786582	.21209
520.750935	.21823
521.715289	.22456
522.679642	.23096
523.643996	.23745
524.608349	.24342
525.572703	.24917
526.537057	.25639
527.501410	.26492
528.465764	.27239
529.430117	.27812
530.394471	.28339
531.358825	.28886
532.323178	.29459
533.287532	.301
534.251885	.30791
535.216239	.31403
536.180593	.31884
537.144946	.32354
538.109300	.32919
539.073653	.33558
540.038007	.34211
541.002360	.34774
541.966714	.35246
542.931068	.35762
543.895421	.36345
544.859775	.37058
545.824128	.37921
546.788482	.38667
547.752836	.3916
548.717189	.39618
549.681543	.40241
550.645896	.41018
551.610250	.41828
552.574603	.42556
553.538957	.43228
554.503311	.43933
555.467664	.44681
556.432018	.45504
557.396371	.46383
558.360725	.47239
559.325079	.48178
560.289432	.49286
561.253786	.50465
562.218139	.51615
563.182493	.5267
564.146846	.53772
565.111200	.55197
566.075554	.56888
567.039907	.58588
568.004261	.60259
568.968614	.61941
569.932968	.63529
570.897322	.64892
571.861675	.65953
572.826029	.66769
573.790382	.67695
574.754736	.6887
575.719090	.69992
576.683443	.70931
577.647797	.71873
578.612150	.7304
579.576504	.74437
580.540857	.75934
581.505211	.77575
582.469565	.79338
583.433918	.80888
584.398272	.81818
585.362625	.8216
586.326979	.82384
587.291333	.82674
588.255686	.82956
589.220040	.83152
590.184393	.83114
591.148747	.82954
592.113100	.82927
593.077454	.83056
594.041808	.83226
595.006161	.83321
595.970515	.83372
596.934868	.83437
597.899222	.83466
598.863576	.83515
599.827929	.83586
600.792283	.8358
601.756636	.83505
602.720990	.83374
603.685343	.83258
604.649697	.8322
605.614051	.8315
606.578404	.83018
607.542758	.8293
608.507111	.82892
609.471465	.82822
610.435819	.82704
611.400172	.82573
612.364526	.82446
613.328879	.82323
614.293233	.82211
615.257587	.82105
616.221940	.81857
617.186294	.8139
618.150647	.80965
619.115001	.8068
620.079354	.8027
621.043708	.79649
622.008062	.78907
622.972415	.77971
623.936769	.76758
624.901122	.75303
625.865476	.73523
626.829830	.71301
627.794183	.68828
628.758537	.66511
629.722890	.64773
630.687244	.64123
631.651597	.65004
632.615951	.6739
633.580305	.70618
634.544658	.73827
635.509012	.76494
636.473365	.78443
637.437719	.7973
638.402073	.80574
639.366426	.81208
640.330780	.81775
641.295133	.82142
642.259487	.82211
643.223841	.82328
644.188194	.82631
645.152548	.8279
646.116901	.82728
647.081255	.82694
648.045608	.82779
649.009962	.82879
649.974316	.82923
650.938669	.82927
651.903023	.82866
652.867376	.828
653.831730	.82821
654.796084	.82786
655.760437	.82655
656.724791	.82614
657.689144	.82646
658.653498	.82603
659.617851	.82494
660.582205	.82435
661.546559	.82472
662.510912	.82512
663.475266	.82503
664.439619	.82498
665.403973	.82627
666.368327	.82919
667.332680	.82927
668.297034	.82122
669.261387	.81888
670.225741	.82096
671.190094	.82171
672.154448	.82192
673.118802	.82213
674.083155	.82167
675.047509	.8211
676.011862	.82039
676.976216	.81868
677.940570	.81684
678.904923	.81604
679.869277	.81627
680.833630	.81683
681.797984	.81711
682.762338	.81739
683.726691	.8173
684.691045	.8165
685.655398	.8161
686.619752	.81587
687.584105	.81466
688.548459	.81322
689.512813	.81304
690.477166	.81354
691.441520	.81301
692.405873	.81154
693.370227	.81067
694.334581	.81069
695.298934	.8107
696.263288	.81057
697.227641	.81019
698.191995	.80953
699.156348	.80893
700.120702	.80787
701.085056	.80649
702.049409	.80591
703.013763	.80615
703.978116	.80621
704.942470	.80581
705.906824	.80556
706.871177	.80541
707.835531	.80488
708.799884	.80381
709.764238	.80206
710.728591	.80014
711.692945	.79894
712.657299	.79836
713.621652	.79807
714.586006	.798
715.550359	.79768
716.514713	.79711
717.479067	.79649
718.443420	.79541
719.407774	.79465
720.372127	.79536
721.336481	.79622
722.300835	.79586
723.265188	.79553
724.229542	.79607
725.193895	.79642
726.158249	.79603
727.122602	.79544
728.086956	.79492
729.051310	.79447
730.015663	.79416
730.980017	.79395
731.944370	.7934
732.908724	.79242
733.873078	.79168
734.837431	.79166
735.801785	.79214
736.766138	.79216
737.730492	.79137
738.694845	.79061
739.659199	.79021
740.623553	.78952
741.587906	.78829
742.552260	.78702
743.516613	.78646
744.480967	.7867
745.445321	.78743
746.409674	.78835
747.374028	.78874
748.338381	.78813
749.302735	.78698
750.267088	.78569
751.231442	.78459
752.195796	.78409
753.160149	.7834
754.124503	.78161
755.088856	.77934
756.053210	.77742
757.017564	.77594
757.981917	.77485
758.946271	.77404
759.910624	.77289
760.874978	.77126
761.839332	.76993
762.803685	.76928
763.768039	.76862
764.732392	.76776
765.696746	.76767
766.661099	.76792
767.625453	.76722
768.589807	.76652
769.554160	.76719
770.518514	.76821
771.482867	.76853
772.447221	.76859
773.411575	.76865
774.375928	.76847
775.340282	.7679
776.304635	.76708
777.268989	.76639
778.233342	.76591
779.197696	.76526
780.162050	.76397
781.126403	.7626
782.090757	.76181
783.055110	.76121
784.019464	.76062
784.983818	.76021
785.948171	.75985
786.912525	.75894
787.876878	.75696
788.841232	.7549
789.805586	.75426
790.769939	.75427
791.734293	.75307
792.698646	.75109
793.663000	.74987
794.627353	.74931
795.591707	.74844
796.556061	.74726
797.520414	.74672
798.484768	.74686
799.449121	.74653
800.413475	.74513
801.377829	.74356
802.342182	.74278
803.306536	.74256
804.270889	.74244
805.235243	.74235
806.199596	.74221
807.163950	.74202
808.128304	.74221
809.092657	.74287
810.057011	.74318
811.021364	.7429
811.985718	.74271
812.950072	.74312
813.914425	.74389
814.878779	.74432
815.843132	.74459
816.807486	.74502
817.771839	.74491
818.736193	.74377
819.700547	.74236
820.664900	.74177
821.629254	.74134
822.593607	.74025
823.557961	.73957
824.522315	.73971
825.486668	.73954
826.451022	.73859
827.415375	.73738
828.379729	.73657
829.344083	.73658
830.308436	.73714
831.272790	.73736
832.237143	.73698
833.201497	.73669
834.165850	.73639
835.130204	.73523
836.094558	.73368
837.058911	.73286
838.023265	.73239
838.987618	.73146
839.951972	.73011
840.916326	.72867
841.880679	.72763
842.845033	.72698
843.809386	.72566
844.773740	.72344
845.738093	.72134
846.702447	.7197
847.666801	.718
848.631154	.71599
849.595508	.71382
850.559861	.71179
851.524215	.70992
852.488569	.70782
853.452922	.70522
854.417276	.70256
855.381629	.70091
856.345983	.70015
857.310336	.69863
858.274690	.69606
859.239044	.69393
860.203397	.69271
861.167751	.69102
862.132104	.68806
863.096458	.68503
864.060812	.68282
865.025165	.68073
865.989519	.6781
866.953872	.6752
867.918226	.67222
868.882580	.66918
869.846933	.66663
870.811287	.66475
871.775640	.66265
872.739994	.65957
873.704347	.65631
874.668701	.65339
875.633055	.65
876.597408	.64623
877.561762	.64257
878.526115	.63849
879.490469	.63413
880.454823	.63
881.419176	.62555
882.383530	.62028
883.347883	.61443
884.312237	.60792
885.276590	.60086
886.240944	.59372
887.205298	.58624
888.169651	.57798
889.134005	.56943
890.098358	.56126
891.062712	.55343
892.027066	.54582
892.991419	.53877
893.955773	.53208
894.920126	.525
895.884480	.51747
896.848834	.50989
897.813187	.50232
898.777541	.49471
899.741894	.48696
900.706248	.47907
901.670601	.47163
902.634955	.46512
903.599309	.45896
904.563662	.45244
905.528016	.4456
906.492369	.43848
907.456723	.43101
908.421077	.42336
909.385430	.41557
910.349784	.40717
911.314137	.39801
912.278491	.3885
913.242844	.3784
914.207198	.36735
915.171552	.3557
916.135905	.34389
917.100259	.3319
918.064612	.3199
919.028966	.30819
919.993320	.29638
920.957673	.28426
921.922027	.27238
922.886380	.26065
923.850734	.24855
924.815087	.23589
925.779441	.22299
926.743795	.2109
927.708148	.19983
928.672502	.18885
929.636855	.17787
930.601209	.16768
931.565563	.15841
932.529916	.14959
933.494270	.14107
934.458623	.133
935.422977	.12545
936.387331	.11858
937.351684	.11283
938.316038	.10846
939.280391	.10505
940.244745	.10176
941.209098	.098239
942.173452	.095089
943.137806	.092795
944.102159	.090782
945.066513	.088781
946.030866	.087202
946.995220	.085977
947.959574	.084794
948.923927	.083707
949.888281	.082718
950.852634	.081542
951.816988	.080305
952.781341	.079359
953.745695	.078546
954.710049	.077656
955.674402	.07681
956.638756	.076271
957.603109	.076095
958.567463	.075789
959.531817	.074889
960.496170	.073758
961.460524	.073056
962.424877	.072586
963.389231	.071758
964.353584	.070725
965.317938	.070133
966.282292	.070196
967.246645	.070274
968.210999	.069681
969.175352	.068678
970.139706	.067908
971.104060	.067553
972.068413	.06745
973.032767	.067284
973.997120	.066842
974.961474	.06631
975.925828	.06594
976.890181	.065769
977.854535	.065518
978.818888	.064943
979.783242	.06438
980.747595	.064029
981.711949	.063766
982.676303	.06372
983.640656	.063682
984.605010	.063227
985.569363	.062642
986.533717	.062548
987.498071	.062821
988.462424	.062704
989.426778	.062284
990.391131	.062233
991.355485	.062236
992.319838	.061706
993.284192	.061175
994.248546	.06143
995.212899	.061901
996.177253	.061543
997.141606	.060808
998.105960	.060684
999.070314	.06092
1000.034667	.060805
1000.999021	.06047
1001.963374	.060431
1002.927728	.06069
1003.892082	.060742
1004.856435	.060231
1005.820789	.059627
1006.785142	.059621
1007.749496	.059992
1008.713849	.060066
1009.678203	.059814
1010.642557	.05971
1011.606910	.059839
1012.571264	.059929
1013.535617	.059912
1014.499971	.059817
1015.464325	.059584
1016.428678	.059331
1017.393032	.05936
1018.357385	.059523
1019.321739	.059222
1020.286092	.058582
1021.250446	.058397
1022.214800	.058682
1023.179153	.058915
1024.143507	.059113
1025.107860	.059293
1026.072214	.059123
1027.036568	.058833
1028.000921	.058933
1028.965275	.059099
1029.929628	.058926
1030.893982	.058747
1031.858335	.058812
1032.822689	.058808
1033.787043	.0584
1034.751396	.057954
1035.715750	.058033
1036.680103	.058518
1037.644457	.058949
1038.608811	.059014
1039.573164	.058883
1040.537518	.058875
1041.501871	.058833
1042.466225	.058712
1043.430579	.058747
1044.394932	.058894
1045.359286	.059051
1046.323639	.059119
1047.287993	.058919
1048.252346	.05864
1049.216700	.058791
1050.181054	.059392
1051.145407	.059755
1052.109761	.059459
1053.074114	.058974
1054.038468	.058805
1055.002822	.058759
1055.967175	.058683
1056.931529	.058744
1057.895882	.058745
1058.860236	.058715
1059.824589	.058942
1060.788943	.059109
1061.753297	.059126
1062.717650	.059256
1063.682004	.059324
1064.646357	.059293
1065.610711	.059353
1066.575065	.05949
1067.539418	.059735
1068.503772	.060104
1069.468125	.060221
1070.432479	.059772
1071.396832	.059193
1072.361186	.059035
1073.325540	.059261
1074.289893	.059623
1075.254247	.05996
1076.218600	.060307
1077.182954	.060525
1078.147308	.060287
1079.111661	.059895
1080.076015	.059845
1081.040368	.059974
1082.004722	.059921
1082.969076	.059691
1083.933429	.059544
1084.897783	.05977
1085.862136	.060369
1086.826490	.060766
1087.790843	.060648
1088.755197	.060459
1089.719551	.060463
1090.683904	.060516
1091.648258	.060526
1092.612611	.06057
1093.576965	.060774
1094.541319	.061068
1095.505672	.061287
1096.470026	.061401
1097.434379	.061608
1098.398733	.061847
1099.363086	.061631
1100.327440	.061026
1101.291794	.060685
1102.256147	.060864
1103.220501	.061228
1104.184854	.06132
1105.149208	.061163
1106.113562	.061123
1107.077915	.061257
1108.042269	.061441
1109.006622	.061571
1109.970976	.061591
1110.935330	.061588
1111.899683	.061621
1112.864037	.061847
1113.828390	.062224
1114.792744	.062215
1115.757097	.061745
1116.721451	.061523
1117.685805	.061896
1118.650158	.062355
1119.614512	.062423
1120.578865	.062288
1121.543219	.06227
1122.507573	.062274
1123.471926	.062165
1124.436280	.062202
1125.400633	.06251
1126.364987	.062633
1127.329340	.062472
1128.293694	.062573
1129.258048	.062984
1130.222401	.063207
1131.186755	.063086
1132.151108	.062809
1133.115462	.062676
1134.079816	.062967
1135.044169	.063413
1136.008523	.063451
1136.972876	.063231
1137.937230	.063216
1138.901583	.063275
1139.865937	.063222
1140.830291	.063179
1141.794644	.063313
1142.758998	.063621
1143.723351	.06379
1144.687705	.063717
1145.652059	.063688
1146.616412	.063907
1147.580766	.0643
1148.545119	.064486
1149.509473	.064154
1150.473827	.063622
1151.438180	.063567
1152.402534	.064078
1153.366887	.064603
1154.331241	.064824
1155.295594	.064721
1156.259948	.064378
1157.224302	.064109
1158.188655	.064039
1159.153009	.064049
1160.117362	.064205
1161.081716	.064502
1162.046070	.06472
1163.010423	.064875
1163.974777	.065147
1164.939130	.065402
1165.903484	.065493
1166.867837	.06551
1167.832191	.065372
1168.796545	.065107
1169.760898	.064914
1170.725252	.064842
1171.689605	.065032
1172.653959	.065308
1173.618313	.065404
1174.582666	.065624
1175.547020	.065864
1176.511373	.065615
1177.475727	.065137
1178.440080	.065088
1179.404434	.065484
1180.368788	.065868
1181.333141	.066016
1182.297495	.065962
1183.261848	.065844
1184.226202	.065823
1185.190556	.065901
1186.154909	.066039
1187.119263	.066189
1188.083616	.066265
1189.047970	.066303
1190.012324	.066269
1190.976677	.066098
1191.941031	.066026
1192.905384	.066193
1193.869738	.066437
1194.834091	.066583
1195.798445	.066603
1196.762799	.066638
1197.727152	.066676
1198.691506	.066676
1199.655859	.066685
1200.620213	.066624
1201.584567	.066657
1202.548920	.066891
1203.513274	.066988
1204.477627	.066967
1205.441981	.067243
1206.406334	.067624
1207.370688	.067468
1208.335042	.066955
1209.299395	.066836
1210.263749	.067077
1211.228102	.067168
1212.192456	.067221
1213.156810	.067546
1214.121163	.067759
1215.085517	.067695
1216.049870	.067899
1217.014224	.068187
1217.978578	.068
1218.942931	.067708
1219.907285	.067741
1220.871638	.067921
1221.835992	.068107
1222.800345	.068258
1223.764699	.068306
1224.729053	.068315
1225.693406	.068291
1226.657760	.068281
1227.622113	.068347
1228.586467	.068354
1229.550821	.068383
1230.515174	.068638
1231.479528	.069021
1232.443881	.069175
1233.408235	.068969
1234.372588	.068722
1235.336942	.068567
1236.301296	.068546
1237.265649	.06888
1238.230003	.069414
1239.194356	.06966
1240.158710	.069456
1241.123064	.069147
1242.087417	.069114
1243.051771	.069362
1244.016124	.069569
1244.980478	.069596
1245.944831	.069669
1246.909185	.069885
1247.873539	.070095
1248.837892	.070077
1249.802246	.069842
1250.766599	.069707
1251.730953	.06985
1252.695307	.070131
1253.659660	.070174
1254.624014	.069888
1255.588367	.069671
1256.552721	.069838
1257.517075	.070328
1258.481428	.070724
1259.445782	.070698
1260.410135	.070572
1261.374489	.070725
1262.338842	.070939
1263.303196	.071017
1264.267550	.071032
1265.231903	.070995
1266.196257	.07098
1267.160610	.071009
1268.124964	.070988
1269.089318	.07087
1270.053671	.070638
1271.018025	.070504
1271.982378	.070712
1272.946732	.07097
1273.911085	.070933
1274.875439	.070868
1275.839793	.070977
1276.804146	.071036
1277.768500	.0711
1278.732853	.071423
1279.697207	.071737
1280.661561	.071618
1281.625914	.071293
1282.590268	.07118
1283.554621	.071264
1284.518975	.071472
1285.483328	.071794
1286.447682	.071991
1287.412036	.07186
1288.376389	.071665
1289.340743	.071785
1290.305096	.071999
1291.269450	.071943
1292.233804	.071812
1293.198157	.071906
1294.162511	.072162
1295.126864	.07227
1296.091218	.07217
1297.055572	.072213
1298.019925	.072435
1298.984279	.072529
1299.948632	.072447
1300.912986	.072307
1301.877339	.072327
1302.841693	.072607
1303.806047	.072854
1304.770400	.072997
1305.734754	.073263
1306.699107	.073411
1307.663461	.073135
1308.627815	.072796
1309.592168	.072788
1310.556522	.072982
1311.520875	.073163
1312.485229	.073335
1313.449582	.073568
1314.413936	.073852
1315.378290	.074133
1316.342643	.074301
1317.306997	.074224
1318.271350	.074048
1319.235704	.074038
1320.200058	.074214
1321.164411	.074338
1322.128765	.074177
1323.093118	.073969
1324.057472	.074133
1325.021825	.074511
1325.986179	.074727
1326.950533	.074804
1327.914886	.074979
1328.879240	.075277
1329.843593	.075476
1330.807947	.075409
1331.772301	.075123
1332.736654	.074922
1333.701008	.07512
1334.665361	.075506
1335.629715	.075758
1336.594069	.076008
1337.558422	.076344
1338.522776	.07658
1339.487129	.076626
1340.451483	.076591
1341.415836	.076597
1342.380190	.07667
1343.344544	.076784
1344.308897	.076898
1345.273251	.077079
1346.237604	.077308
1347.201958	.077428
1348.166312	.077503
1349.130665	.077712
1350.095019	.078046
1351.059372	.078363
1352.023726	.078486
1352.988079	.078422
1353.952433	.078534
1354.916787	.078876
1355.881140	.07898
1356.845494	.078927
1357.809847	.079173
1358.774201	.079475
1359.738555	.07936
1360.702908	.079069
1361.667262	.079079
1362.631615	.079479
1363.595969	.080177
1364.560323	.080804
1365.524676	.081019
1366.489030	.080869
1367.453383	.080464
1368.417737	.080151
1369.382090	.08032
1370.346444	.080824
1371.310798	.081159
1372.275151	.081103
1373.239505	.081082
1374.203858	.081489
1375.168212	.082025
1376.132566	.082284
1377.096919	.082262
1378.061273	.082122
1379.025626	.082019
1379.989980	.082118
1380.954333	.082427
1381.918687	.082776
1382.883041	.082953
1383.847394	.082874
1384.811748	.0827
1385.776101	.082625
1386.740455	.082911
1387.704809	.083599
1388.669162	.084108
1389.633516	.084109
1390.597869	.083879
1391.562223	.0837
1392.526576	.083437
1393.490930	.083035
1394.455284	.083069
1395.419637	.083547
1396.383991	.083671
1397.348344	.08341
1398.312698	.083397
1399.277052	.083955
1400.241405	.08463
1401.205759	.084876
1402.170112	.084872
1403.134466	.084828
1404.098820	.084649
1405.063173	.084524
1406.027527	.084699
1406.991880	.084934
1407.956234	.08495
1408.920587	.084951
1409.884941	.085097
1410.849295	.085245
1411.813648	.085436
1412.778002	.085736
1413.742355	.086124
1414.706709	.086378
1415.671063	.086144
1416.635416	.085581
1417.599770	.084918
1418.564123	.084364
1419.528477	.084511
1420.492830	.085178
1421.457184	.085586
1422.421538	.08552
1423.385891	.085263
1424.350245	.085325
1425.314598	.08577
1426.278952	.086324
1427.243306	.086706
1428.207659	.086545
1429.172013	.08604
1430.136366	.085851
1431.100720	.085927
1432.065073	.085853
1433.029427	.08576
1433.993781	.085692
1434.958134	.085251
1435.922488	.084783
1436.886841	.085351
1437.851195	.086497
1438.815549	.087065
1439.779902	.087185
1440.744256	.087214
1441.708609	.087191
1442.672963	.087216
1443.637317	.087395
1444.601670	.08757
1445.566024	.087359
1446.530377	.086771
1447.494731	.086503
1448.459084	.087059
1449.423438	.087818
1450.387792	.088069
1451.352145	.08819
1452.316499	.088712
1453.280852	.08934
1454.245206	.089282
1455.209560	.088168
1456.173913	.086872
1457.138267	.086737
1458.102620	.087531
1459.066974	.088477
1460.031327	.089348
1460.995681	.089793
1461.960035	.08986
1462.924388	.08985
1463.888742	.09002
1464.853095	.090846
1465.817449	.091992
1466.781803	.092558
1467.746156	.092605
1468.710510	.092567
1469.674863	.09237
1470.639217	.091733
1471.603571	.090886
1472.567924	.090662
1473.532278	.091365
1474.496631	.092182
1475.460985	.092733
1476.425338	.093481
1477.389692	.094423
1478.354046	.095067
1479.318399	.095263
1480.282753	.095264
1481.247106	.095375
1482.211460	.095403
1483.175814	.095171
1484.140167	.094952
1485.104521	.094751
1486.068874	.094492
1487.033228	.094475
1487.997581	.094617
1488.961935	.094563
1489.926289	.094701
1490.890642	.095507
1491.854996	.096488
1492.819349	.09702
1493.783703	.096917
1494.748057	.096206
1495.712410	.095593
1496.676764	.095665
1497.641117	.095621
1498.605471	.095431
1499.569824	.095877
1500.534178	.09654
1501.498532	.096943
1502.462885	.097222
1503.427239	.097129
1504.391592	.096331
1505.355946	.095163
1506.320300	.094667
1507.284653	.095495
1508.249007	.096685
1509.213360	.097339
1510.177714	.097508
1511.142068	.097374
1512.106421	.097262
1513.070775	.097362
1514.035128	.097383
1514.999482	.09723
1515.963835	.097014
1516.928189	.097257
1517.892543	.098174
1518.856896	.098552
1519.821250	.097817
1520.785603	.096957
1521.749957	.097063
1522.714311	.097735
1523.678664	.097876
1524.643018	.097443
1525.607371	.097377
1526.571725	.097875
1527.536078	.098364
1528.500432	.098874
1529.464786	.099429
1530.429139	.099802
1531.393493	.099792
1532.357846	.099241
1533.322200	.098908
1534.286554	.099645
1535.250907	.1005
1536.215261	.10037
1537.179614	.09918
1538.143968	.097333
1539.108321	.096096
1540.072675	.096337
1541.037029	.097047
1542.001382	.097963
1542.965736	.099141
1543.930089	.099944
1544.894443	.10054
1545.858797	.1013
1546.823150	.10183
1547.787504	.10186
1548.751857	.10154
1549.716211	.10125
1550.680565	.10126
1551.644918	.10113
1552.609272	.10053
1553.573625	.099919
1554.537979	.10015
1555.502332	.10059
1556.466686	.099823
1557.431040	.098283
1558.395393	.097618
1559.359747	.098535
1560.324100	.10063
1561.288454	.10243
1562.252808	.10294
1563.217161	.10268
1564.181515	.10247
1565.145868	.10271
1566.110222	.1031
1567.074575	.10308
1568.038929	.10246
1569.003283	.10194
1569.967636	.10239
1570.931990	.10336
1571.896343	.1041
1572.860697	.10459
1573.825051	.10448
1574.789404	.10351
1575.753758	.10271
1576.718111	.1032
1577.682465	.10393
1578.646819	.1041
1579.611172	.10406
1580.575526	.10422
1581.539879	.10457
1582.504233	.10486
1583.468586	.1051
1584.432940	.10544
1585.397294	.10589
1586.361647	.10631
1587.326001	.10656
1588.290354	.10651
1589.254708	.10618
1590.219062	.10579
1591.183415	.10566
1592.147769	.10581
1593.112122	.10589
1594.076476	.10581
1595.040829	.10588
1596.005183	.10609
1596.969537	.10623
1597.933890	.1064
1598.898244	.10666
1599.862597	.10684
1600.826951	.10685
1601.791305	.10686
1602.755658	.10699
1603.720012	.10703
1604.684365	.1068
1605.648719	.10655
1606.613072	.10654
1607.577426	.10664
1608.541780	.10656
1609.506133	.10656
1610.470487	.10702
1611.434840	.10756
1612.399194	.10788
1613.363548	.10817
1614.327901	.10813
1615.292255	.10724
1616.256608	.10652
1617.220962	.10722
1618.185316	.10801
1619.149669	.10818
1620.114023	.10829
1621.078376	.10816
1622.042730	.10744
1623.007083	.10681
1623.971437	.10724
1624.935791	.10818
1625.900144	.10859
1626.864498	.10866
1627.828851	.10897
1628.793205	.1094
1629.757559	.10961
1630.721912	.10965
1631.686266	.10956
1632.650619	.10917
1633.614973	.10806
1634.579326	.10642
1635.543680	.10592
1636.508034	.107
1637.472387	.10819
1638.436741	.10915
1639.401094	.11004
1640.365448	.11064
1641.329802	.1108
1642.294155	.11078
1643.258509	.11075
1644.222862	.11023
1645.187216	.10921
1646.151569	.10854
1647.115923	.1086
1648.080277	.10916
1649.044630	.10987
1650.008984	.10998
1650.973337	.10894
1651.937691	.10714
1652.902045	.10663
1653.866398	.10841
1654.830752	.11033
1655.795105	.11157
1656.759459	.11218
1657.723813	.1124
1658.688166	.1125
1659.652520	.11237
1660.616873	.11185
1661.581227	.11101
1662.545580	.11044
1663.509934	.11078
1664.474288	.11158
1665.438641	.11209
1666.402995	.11218
1667.367348	.11191
1668.331702	.11144
1669.296056	.11141
1670.260409	.11203
1671.224763	.11276
1672.189116	.11323
1673.153470	.11297
1674.117823	.11197
1675.082177	.11144
1676.046531	.11209
1677.010884	.11286
1677.975238	.11312
1678.939591	.113
1679.903945	.11288
1680.868299	.11293
1681.832652	.11261
1682.797006	.1116
1683.761359	.11083
1684.725713	.11178
1685.690067	.11365
1686.654420	.11451
1687.618774	.11446
1688.583127	.1142
1689.547481	.11395
1690.511834	.11379
1691.476188	.11375
1692.440542	.11379
1693.404895	.11367
1694.369249	.11283
1695.333602	.11187
1696.297956	.11255
1697.262310	.11388
1698.226663	.11361
1699.191017	.11172
1700.155370	.11074
1701.119724	.11245
1702.084077	.11407
1703.048431	.11425
1704.012785	.11385
1704.977138	.11355
1705.941492	.11353
1706.905845	.11398
1707.870199	.11459
1708.834553	.11484
1709.798906	.11493
1710.763260	.1153
1711.727613	.11586
1712.691967	.11597
1713.656320	.11535
1714.620674	.11469
1715.585028	.11437
1716.549381	.11369
1717.513735	.11296
1718.478088	.11346
1719.442442	.11471
1720.406796	.11548
1721.371149	.11566
1722.335503	.11569
1723.299856	.11585
1724.264210	.11606
1725.228564	.11615
1726.192917	.11634
1727.157271	.11674
1728.121624	.1169
1729.085978	.11671
1730.050331	.11661
1731.014685	.11642
1731.979039	.11548
1732.943392	.11382
1733.907746	.11289
1734.872099	.11391
1735.836453	.11545
1736.800807	.1163
1737.765160	.11646
1738.729514	.11607
1739.693867	.11589
1740.658221	.11653
1741.622574	.11711
1742.586928	.11711
1743.551282	.11707
1744.515635	.11715
1745.479989	.11709
1746.444342	.11689
1747.408696	.11656
1748.373050	.11628
1749.337403	.11607
1750.301757	.11576
1751.266110	.11578
1752.230464	.11659
1753.194817	.11757
1754.159171	.11806
1755.123525	.11798
1756.087878	.11771
1757.052232	.11775
1758.016585	.11791
1758.980939	.11788
1759.945293	.11762
1760.909646	.11718
1761.874000	.117
1762.838353	.11728
1763.802707	.11755
1764.767061	.11759
1765.731414	.11759
1766.695768	.11751
1767.660121	.11744
1768.624475	.11768
1769.588828	.1179
1770.553182	.11745
1771.517536	.11667
1772.481889	.11674
1773.446243	.11775
1774.410596	.11834
1775.374950	.11834
1776.339304	.11853
1777.303657	.11872
1778.268011	.11841
1779.232364	.11783
1780.196718	.1176
1781.161071	.11803
1782.125425	.11868
1783.089779	.11895
1784.054132	.11887
1785.018486	.11896
1785.982839	.11926
1786.947193	.11947
1787.911547	.11955
1788.875900	.11936
1789.840254	.11861
1790.804607	.11756
1791.768961	.11693
1792.733315	.11718
1793.697668	.11788
1794.662022	.11841
1795.626375	.1189
1796.590729	.11931
1797.555082	.11934
1798.519436	.11926
1799.483790	.11953
1800.448143	.11988
1801.412497	.11991
1802.376850	.11982
1803.341204	.11982
1804.305558	.11986
1805.269911	.11987
1806.234265	.11983
1807.198618	.1197
1808.162972	.11959
1809.127325	.11957
1810.091679	.11967
1811.056033	.11994
1812.020386	.12006
1812.984740	.11999
1813.949093	.12019
1814.913447	.12075
1815.877801	.12108
1816.842154	.12081
1817.806508	.12047
1818.770861	.12058
1819.735215	.12072
1820.699568	.12051
1821.663922	.12016
1822.628276	.11993
1823.592629	.11974
1824.556983	.11964
1825.521336	.11994
1826.485690	.12056
1827.450044	.12101
1828.414397	.12092
1829.378751	.12047
1830.343104	.1204
1831.307458	.12091
1832.271812	.1213
1833.236165	.12119
1834.200519	.12101
1835.164872	.12096
1836.129226	.12079
1837.093579	.1206
1838.057933	.12074
1839.022287	.12115
1839.986640	.12141
1840.950994	.12141
1841.915347	.12112
1842.879701	.12054
1843.844055	.12023
1844.808408	.12058
1845.772762	.12096
1846.737115	.12108
1847.701469	.12119
1848.665822	.1213
1849.630176	.1213
1850.594530	.12127
1851.558883	.12129
1852.523237	.12128
1853.487590	.12123
1854.451944	.12132
1855.416298	.12162
1856.380651	.12198
1857.345005	.12214
1858.309358	.12214
1859.273712	.12217
1860.238065	.1222
1861.202419	.12214
1862.166773	.12209
1863.131126	.12196
1864.095480	.1218
1865.059833	.12182
1866.024187	.12176
1866.988541	.12126
1867.952894	.12079
1868.917248	.121
1869.881601	.12176
1870.845955	.12242
1871.810309	.12274
1872.774662	.12284
1873.739016	.12281
1874.703369	.12277
1875.667723	.1228
1876.632076	.12287
1877.596430	.12287
1878.560784	.12278
1879.525137	.12268
1880.489491	.12246
1881.453844	.12218
1882.418198	.1222
1883.382552	.12242
1884.346905	.12263
1885.311259	.1229
1886.275612	.12311
1887.239966	.12325
1888.204319	.12338
1889.168673	.1233
1890.133027	.12305
1891.097380	.1229
1892.061734	.12294
1893.026087	.12305
1893.990441	.12296
1894.954795	.12275
1895.919148	.12282
1896.883502	.12311
1897.847855	.1232
1898.812209	.12305
1899.776562	.12296
1900.740916	.12302
1901.705270	.1232
1902.669623	.12344
1903.633977	.12358
1904.598330	.12366
1905.562684	.12373
1906.527038	.12357
1907.491391	.12334
1908.455745	.12327
1909.420098	.12332
1910.384452	.12344
1911.348806	.12354
1912.313159	.12345
1913.277513	.12332
1914.241866	.12348
1915.206220	.12386
1916.170573	.12395
1917.134927	.12365
1918.099281	.1236
1919.063634	.12399
1920.027988	.12421
1920.992341	.12405
1921.956695	.12378
1922.921049	.12357
1923.885402	.1235
1924.849756	.12352
1925.814109	.12363
1926.778463	.1238
1927.742816	.1239
1928.707170	.12397
1929.671524	.12407
1930.635877	.1241
1931.600231	.12411
1932.564584	.12431
1933.528938	.12454
1934.493292	.12457
1935.457645	.12451
1936.421999	.12452
1937.386352	.12451
1938.350706	.12437
1939.315060	.12418
1940.279413	.12406
1941.243767	.12395
1942.208120	.12397
1943.172474	.12435
1944.136827	.12487
1945.101181	.1251
1946.065535	.12498
1947.029888	.12484
1947.994242	.12491
1948.958595	.12505
1949.922949	.12497
1950.887303	.12471
1951.851656	.1246
1952.816010	.12465
1953.780363	.12468
1954.744717	.12476
1955.709070	.12482
1956.673424	.12477
1957.637778	.12478
1958.602131	.12498
1959.566485	.12517
1960.530838	.12524
1961.495192	.12531
1962.459546	.12535
1963.423899	.12535
1964.388253	.12534
1965.352606	.12527
1966.316960	.12519
1967.281313	.12528
1968.245667	.12533
1969.210021	.12513
1970.174374	.125
1971.138728	.1251
1972.103081	.12516
1973.067435	.12508
1974.031789	.12517
1974.996142	.12549
1975.960496	.12576
1976.924849	.12585
1977.889203	.12575
1978.853557	.1256
1979.817910	.1256
1980.782264	.12567
1981.746617	.12566
1982.710971	.12566
1983.675324	.12575
1984.639678	.12581
1985.604032	.12571
1986.568385	.12554
1987.532739	.12537
1988.497092	.12529
1989.461446	.12538
1990.425800	.12556
1991.390153	.1257
1992.354507	.12579
1993.318860	.12605
1994.283214	.1264
1995.247567	.1265
1996.211921	.1264
1997.176275	.12628
1998.140628	.12607
1999.104982	.12597
2000.069335	.12612
2001.033689	.12626
2001.998043	.12624
2002.962396	.12615
2003.926750	.12609
2004.891103	.12615
2005.855457	.12629
2006.819810	.1264
2007.784164	.12643
2008.748518	.12656
2009.712871	.1268
2010.677225	.12689
2011.641578	.12669
2012.605932	.12649
2013.570286	.12646
2014.534639	.12639
2015.498993	.12625
2016.463346	.12623
2017.427700	.12634
2018.392054	.1264
2019.356407	.12634
2020.320761	.12628
2021.285114	.12638
2022.249468	.12664
2023.213821	.12683
2024.178175	.12682
2025.142529	.12681
2026.106882	.12684
2027.071236	.12681
2028.035589	.12667
2028.999943	.12658
2029.964297	.12664
2030.928650	.1267
2031.893004	.12671
2032.857357	.12666
2033.821711	.1266
2034.786064	.12674
2035.750418	.12712
2036.714772	.12724
2037.679125	.12701
2038.643479	.12695
2039.607832	.12716
2040.572186	.12731
2041.536540	.12736
2042.500893	.12733
2043.465247	.12717
2044.429600	.12691
2045.393954	.12674
2046.358308	.12682
2047.322661	.12697
2048.287015	.12705
2049.251368	.127
2050.215722	.1269
2051.180075	.12701
2052.144429	.12725
2053.108783	.12736
2054.073136	.12744
2055.037490	.12762
2056.001843	.12776
2056.966197	.12775
2057.930551	.12763
2058.894904	.12743
2059.859258	.12721
2060.823611	.12711
2061.787965	.12719
2062.752318	.12736
2063.716672	.12741
2064.681026	.12737
2065.645379	.12738
2066.609733	.12751
2067.574086	.1277
2068.538440	.12782
2069.502794	.12789
2070.467147	.12798
2071.431501	.12802
2072.395854	.12786
2073.360208	.12756
2074.324561	.12739
2075.288915	.12738
2076.253269	.12744
2077.217622	.12757
2078.181976	.1277
2079.146329	.12779
2080.110683	.12785
2081.075037	.12785
2082.039390	.12785
2083.003744	.12799
2083.968097	.12825
2084.932451	.1284
2085.896805	.12833
2086.861158	.12818
2087.825512	.12814
2088.789865	.12816
2089.754219	.12803
2090.718572	.12777
2091.682926	.1277
2092.647280	.1278
2093.611633	.12788
2094.575987	.12803
2095.540340	.12815
2096.504694	.1281
2097.469048	.12807
2098.433401	.12811
2099.397755	.12808
2100.362108	.1281
2101.326462	.12828
2102.290815	.12843
2103.255169	.12842
2104.219523	.12822
2105.183876	.12796
2106.148230	.12788
2107.112583	.12811
2108.076937	.12831
2109.041291	.12821
2110.005644	.12806
2110.969998	.12816
2111.934351	.12824
2112.898705	.12817
2113.863058	.12833
2114.827412	.12867
2115.791766	.12883
2116.756119	.12885
2117.720473	.12878
2118.684826	.12862
2119.649180	.12856
2120.613534	.12862
2121.577887	.12857
2122.542241	.12846
2123.506594	.12858
2124.470948	.12869
2125.435302	.12858
2126.399655	.12851
2127.364009	.12866
2128.328362	.1288
2129.292716	.12884
2130.257069	.12893
2131.221423	.12904
2132.185777	.12896
2133.150130	.1288
2134.114484	.12878
2135.078837	.12888
2136.043191	.12894
2137.007545	.1289
2137.971898	.12888
2138.936252	.12893
2139.900605	.12894
2140.864959	.12887
2141.829312	.12881
2142.793666	.12887
2143.758020	.12903
2144.722373	.12909
2145.686727	.1291
2146.651080	.12922
2147.615434	.12947
2148.579788	.12956
2149.544141	.12926
2150.508495	.12894
2151.472848	.12903
2152.437202	.12928
2153.401556	.12926
2154.365909	.12901
2155.330263	.12894
2156.294616	.1291
2157.258970	.12922
2158.223323	.12926
2159.187677	.12945
2160.152031	.12975
2161.116384	.12986
2162.080738	.12963
2163.045091	.12935
2164.009445	.12932
2164.973799	.12951
2165.938152	.12961
2166.902506	.12948
2167.866859	.12938
2168.831213	.12949
2169.795566	.12955
2170.759920	.12946
2171.724274	.12941
2172.688627	.12946
2173.652981	.12957
2174.617334	.12982
2175.581688	.13003
2176.546042	.12986
2177.510395	.12948
2178.474749	.12946
2179.439102	.12976
2180.403456	.12986
2181.367809	.12969
2182.332163	.12951
2183.296517	.12957
2184.260870	.12972
2185.225224	.1296
2186.189577	.12945
2187.153931	.12958
2188.118285	.12977
2189.082638	.12973
2190.046992	.12964
2191.011345	.1298
2191.975699	.12995
2192.940053	.12989
2193.904406	.12989
2194.868760	.13008
2195.833113	.13021
2196.797467	.13012
2197.761820	.12994
2198.726174	.12985
2199.690528	.1299
2200.654881	.12996
2201.619235	.12997
2202.583588	.13005
2203.547942	.1301
2204.512296	.13004
2205.476649	.13007
2206.441003	.1302
2207.405356	.13032
2208.369710	.13038
2209.334063	.13041
2210.298417	.13046
2211.262771	.13041
2212.227124	.13019
2213.191478	.12985
2214.155831	.12951
2215.120185	.12943
2216.084539	.12965
2217.048892	.12978
2218.013246	.12968
2218.977599	.12962
2219.941953	.12979
2220.906306	.13012
2221.870660	.13042
2222.835014	.13053
2223.799367	.13051
2224.763721	.13047
2225.728074	.13048
2226.692428	.13051
2227.656782	.13051
2228.621135	.13042
2229.585489	.1303
2230.549842	.13015
2231.514196	.12996
2232.478550	.12993
2233.442903	.1302
2234.407257	.13053
2235.371610	.13068
2236.335964	.13071
2237.300317	.13069
2238.264671	.13062
2239.229025	.13054
2240.193378	.13053
2241.157732	.13053
2242.122085	.13049
2243.086439	.13057
2244.050793	.13067
2245.015146	.13048
2245.979500	.13016
2246.943853	.13005
2247.908207	.13013
2248.872560	.13028
2249.836914	.13055
2250.801268	.13095
2251.765621	.13123
2252.729975	.13113
2253.694328	.13081
2254.658682	.13068
2255.623036	.1308
2256.587389	.13086
2257.551743	.13067
2258.516096	.13049
2259.480450	.13049
2260.444804	.13051
2261.409157	.13036
2262.373511	.13023
2263.337864	.13037
2264.302218	.13069
2265.266571	.13081
2266.230925	.13059
2267.195279	.13037
2268.159632	.1305
2269.123986	.13092
2270.088339	.13128
2271.052693	.13143
2272.017047	.13138
2272.981400	.13115
2273.945754	.13087
2274.910107	.13083
2275.874461	.13101
2276.838814	.13106
2277.803168	.13095
2278.767522	.13085
2279.731875	.13074
2280.696229	.13063
2281.660582	.13064
2282.624936	.13085
2283.589290	.13108
2284.553643	.1311
2285.517997	.13094
2286.482350	.13077
2287.446704	.13074
2288.411057	.13084
2289.375411	.1309
2290.339765	.13082
2291.304118	.13076
2292.268472	.13082
2293.232825	.13088
2294.197179	.13091
2295.161533	.13103
2296.125886	.13121
2297.090240	.13131
2298.054593	.1313
2299.018947	.13125
2299.983301	.13122
2300.947654	.13113
2301.912008	.13099
2302.876361	.1311
2303.840715	.13134
2304.805068	.1313
2305.769422	.13103
2306.733776	.13084
2307.698129	.13079
2308.662483	.13073
2309.626836	.13063
2310.591190	.13065
2311.555544	.13093
2312.519897	.13131
2313.484251	.13155
2314.448604	.13144
2315.412958	.13106
2316.377311	.1308
2317.341665	.13075
2318.306019	.1307
2319.270372	.13054
2320.234726	.13049
2321.199079	.13055
2322.163433	.13046
2323.127787	.13036
2324.092140	.13058
2325.056494	.13085
2326.020847	.13089
2326.985201	.13078
2327.949554	.13072
2328.913908	.13067
2329.878262	.13083
2330.842615	.13108
2331.806969	.13086
2332.771322	.13051
2333.735676	.13061
2334.700030	.1308
2335.664383	.13082
2336.628737	.13069
2337.593090	.13055
2338.557444	.13057
2339.521798	.13041
2340.486151	.13007
2341.450505	.13014
2342.414858	.13048
2343.379212	.13053
2344.343565	.1305
2345.307919	.1308
2346.272273	.13116
2347.236626	.13117
2348.200980	.13105
2349.165333	.13098
2350.129687	.13074
2351.094041	.13032
2352.058394	.13024
2353.022748	.13068
2353.987101	.13104
2354.951455	.13081
2355.915808	.13041
2356.880162	.13031
2357.844516	.13018
2358.808869	.12976
2359.773223	.12941
2360.737576	.12948
2361.701930	.12986
2362.666284	.13045
2363.630637	.13115
2364.594991	.13154
2365.559344	.13123
2366.523698	.13057
2367.488052	.1302
2368.452405	.13033
2369.416759	.13074
2370.381112	.13086
2371.345466	.13063
2372.309819	.13065
2373.274173	.13087
2374.238527	.13096
2375.202880	.13102
2376.167234	.13107
2377.131587	.13123
2378.095941	.13155
2379.060295	.13182
2380.024648	.13202
2380.989002	.13221
2381.953355	.13224
2382.917709	.13204
2383.882062	.13173
2384.846416	.13142
2385.810770	.13132
2386.775123	.13154
2387.739477	.13167
2388.703830	.13156
2389.668184	.13156
2390.632538	.13182
2391.596891	.13205
2392.561245	.13201
2393.525598	.13181
2394.489952	.13172
2395.454305	.13186
2396.418659	.13202
2397.383013	.13203
2398.347366	.13201
2399.311720	.13191
2400.276073	.13167
2401.240427	.13161
2402.204781	.13182
2403.169134	.13192
2404.133488	.13182
2405.097841	.13175
2406.062195	.13184
2407.026549	.13204
2407.990902	.13215
2408.955256	.13217
2409.919609	.13227
2410.883963	.1323
2411.848316	.13216
2412.812670	.13208
2413.777024	.13216
2414.741377	.13212
2415.705731	.13187
2416.670084	.13172
2417.634438	.13192
2418.598792	.13213
2419.563145	.13215
2420.527499	.13226
2421.491852	.13244
2422.456206	.13252
2423.420559	.13259
2424.384913	.13265
2425.349267	.13254
2426.313620	.1324
2427.277974	.13237
2428.242327	.13243
2429.206681	.13246
2430.171035	.13226
2431.135388	.13196
2432.099742	.13194
2433.064095	.13221
2434.028449	.13241
2434.992802	.13242
2435.957156	.13241
2436.921510	.13238
2437.885863	.13237
2438.850217	.13241
2439.814570	.13236
2440.778924	.1324
2441.743278	.13272
2442.707631	.13298
2443.671985	.13286
2444.636338	.13247
2445.600692	.13221
2446.565046	.1323
2447.529399	.13237
2448.493753	.13217
2449.458106	.13198
2450.422460	.13208
2451.386813	.13228
2452.351167	.13235
2453.315521	.1324
2454.279874	.13239
2455.244228	.13238
2456.208581	.13243
2457.172935	.13256
2458.137289	.13272
2459.101642	.13268
2460.065996	.13245
2461.030349	.13229
2461.994703	.13226
2462.959056	.13228
2463.923410	.13222
2464.887764	.1321
2465.852117	.13218
2466.816471	.13241
2467.780824	.13247
2468.745178	.13249
2469.709532	.13269
2470.673885	.13287
2471.638239	.13285
2472.602592	.13282
2473.566946	.13284
2474.531300	.13267
2475.495653	.13236
2476.460007	.13226
2477.424360	.13237
2478.388714	.13242
2479.353067	.13233
2480.317421	.13224
2481.281775	.13237
2482.246128	.13284
2483.210482	.13316
2484.174835	.13292
2485.139189	.13262
2486.103543	.13269
2487.067896	.13285
2488.032250	.13297
2488.996603	.13313
2489.960957	.13309
2490.925310	.13284
2491.889664	.13274
2492.854018	.13282
2493.818371	.1328
2494.782725	.13276
2495.747078	.13279
2496.711432	.13281
2497.675786	.1329
2498.640139	.133
2499.604493	.1329
2500.568846	.13271
2501.533200	.13264
2502.497553	.13273
2503.461907	.13289
2504.426261	.13297
2505.390614	.13289
2506.354968	.13284
2507.319321	.13294
2508.283675	.13296
2509.248029	.13289
2510.212382	.13291
2511.176736	.13297
2512.141089	.13302
2513.105443	.13306
2514.069797	.13295
2515.034150	.13273
2515.998504	.13266
2516.962857	.13265
2517.927211	.13247
2518.891564	.13246
2519.855918	.13294
2520.820272	.13343
2521.784625	.13346
2522.748979	.13322
2523.713332	.13294
2524.677686	.13286
2525.642040	.13298
2526.606393	.13298
2527.570747	.13279
2528.535100	.13259
2529.499454	.13256
2530.463807	.13273
2531.428161	.13295
2532.392515	.13309
2533.356868	.13307
2534.321222	.13312
2535.285575	.13339
2536.249929	.1336
2537.214283	.13346
2538.178636	.1331
2539.142990	.13288
2540.107343	.13289
2541.071697	.13297
2542.036050	.13305
2543.000404	.13306
2543.964758	.13295
2544.929111	.13277
2545.893465	.13275
2546.857818	.13304
2547.822172	.13339
2548.786526	.13352
2549.750879	.1335
2550.715233	.1335
2551.679586	.13354
2552.643940	.13348
2553.608294	.13327
2554.572647	.1331
2555.537001	.13293
2556.501354	.13282
2557.465708	.133
2558.430061	.13314
2559.394415	.13292
2560.358769	.13275
2561.323122	.13288
2562.287476	.13314
2563.251829	.13343
2564.216183	.13354
2565.180537	.1334
2566.144890	.13337
2567.109244	.13357
2568.073597	.13361
2569.037951	.13328
2570.002304	.13292
2570.966658	.13282
2571.931012	.13285
2572.895365	.133
2573.859719	.13329
2574.824072	.1335
2575.788426	.13349
2576.752780	.13343
2577.717133	.13336
2578.681487	.1332
2579.645840	.1331
2580.610194	.13315
2581.574547	.13321
2582.538901	.13327
2583.503255	.13344
2584.467608	.13359
2585.431962	.13353
2586.396315	.13332
2587.360669	.13326
2588.325023	.13338
2589.289376	.13338
2590.253730	.13334
2591.218083	.13347
2592.182437	.13356
2593.146791	.1335
2594.111144	.13342
2595.075498	.13338
2596.039851	.13344
2597.004205	.13358
2597.968558	.13361
2598.932912	.13336
2599.897266	.13312
2600.861619	.13316
2601.825973	.13324
2602.790326	.13317
2603.754680	.13321
2604.719034	.13335
2605.683387	.13333
2606.647741	.13327
2607.612094	.1333
2608.576448	.13323
2609.540801	.13316
2610.505155	.13328
2611.469509	.13351
2612.433862	.13374
2613.398216	.13392
2614.362569	.13394
2615.326923	.13375
2616.291277	.13357
2617.255630	.1336
2618.219984	.13354
2619.184337	.13322
2620.148691	.13302
2621.113045	.13316
2622.077398	.13339
2623.041752	.13358
2624.006105	.13378
2624.970459	.13385
2625.934812	.13388
2626.899166	.13389
2627.863520	.1339
2628.827873	.13402
2629.792227	.13411
2630.756580	.13397
2631.720934	.13377
2632.685288	.1337
2633.649641	.13371
2634.613995	.1337
2635.578348	.13361
2636.542702	.1334
2637.507055	.13332
2638.471409	.13337
2639.435763	.13331
2640.400116	.13329
2641.364470	.1335
2642.328823	.13377
2643.293177	.13396
2644.257531	.13401
2645.221884	.13392
2646.186238	.13382
2647.150591	.13392
2648.114945	.13402
2649.079298	.1338
2650.043652	.13343
2651.008006	.13329
2651.972359	.13335
2652.936713	.13348
2653.901066	.13359
2654.865420	.13352
2655.829774	.13345
2656.794127	.1335
2657.758481	.13352
2658.722834	.13348
2659.687188	.13355
2660.651542	.13375
2661.615895	.13398
2662.580249	.13412
2663.544602	.13402
2664.508956	.13391
2665.473309	.13399
2666.437663	.13405
2667.402017	.13396
2668.366370	.13377
2669.330724	.13359
2670.295077	.1335
2671.259431	.13346
2672.223785	.13352
2673.188138	.13376
2674.152492	.13396
2675.116845	.13401
2676.081199	.13398
2677.045552	.13394
2678.009906	.13399
2678.974260	.1342
2679.938613	.13435
2680.902967	.13422
2681.867320	.1339
2682.831674	.13371
2683.796028	.13367
2684.760381	.13357
2685.724735	.13334
2686.689088	.13331
2687.653442	.13357
2688.617795	.13378
2689.582149	.13375
2690.546503	.13364
2691.510856	.1338
2692.475210	.13414
2693.439563	.13428
2694.403917	.13426
2695.368271	.1342
2696.332624	.13402
2697.296978	.13384
2698.261331	.13388
2699.225685	.13396
2700.190039	.13395
2701.154392	.13399
2702.118746	.1341
2703.083099	.13407
2704.047453	.13379
2705.011806	.13362
2705.976160	.13379
2706.940514	.13402
2707.904867	.13415
2708.869221	.13421
2709.833574	.13426
2710.797928	.13434
2711.762282	.13421
2712.726635	.13381
2713.690989	.13362
2714.655342	.13381
2715.619696	.13394
2716.584049	.13377
2717.548403	.13363
2718.512757	.13381
2719.477110	.13401
2720.441464	.13397
2721.405817	.13402
2722.370171	.13429
2723.334525	.13445
2724.298878	.13439
2725.263232	.13429
2726.227585	.13429
2727.191939	.1342
2728.156293	.13408
2729.120646	.13408
2730.085000	.1341
2731.049353	.13404
2732.013707	.13406
2732.978060	.13416
2733.942414	.13402
2734.906768	.13378
2735.871121	.13388
2736.835475	.13424
2737.799828	.13447
2738.764182	.13438
2739.728536	.13415
2740.692889	.13396
2741.657243	.13398
2742.621596	.13416
2743.585950	.13426
2744.550303	.13414
2745.514657	.13393
2746.479011	.13379
2747.443364	.13364
2748.407718	.13346
2749.372071	.13358
2750.336425	.134
2751.300779	.13412
2752.265132	.13379
2753.229486	.13364
2754.193839	.134
2755.158193	.13442
2756.122546	.1345
2757.086900	.13438
2758.051254	.13425
2759.015607	.13414
2759.979961	.13409
2760.944314	.13418
2761.908668	.13439
2762.873022	.13448
2763.837375	.13437
2764.801729	.1343
2765.766082	.13438
2766.730436	.13452
2767.694790	.13463
2768.659143	.13461
2769.623497	.13438
2770.587850	.13407
2771.552204	.13399
2772.516557	.1341
2773.480911	.13425
2774.445265	.13446
2775.409618	.13457
2776.373972	.13442
2777.338325	.13409
2778.302679	.13387
2779.267033	.13397
2780.231386	.13411
2781.195740	.13408
2782.160093	.13404
2783.124447	.13416
2784.088800	.1344
2785.053154	.13442
2786.017508	.13417
2786.981861	.13413
2787.946215	.1343
2788.910568	.13425
2789.874922	.13407
2790.839276	.13419
2791.803629	.13456
2792.767983	.13466
2793.732336	.13451
2794.696690	.13454
2795.661043	.13463
2796.625397	.13452
2797.589751	.13435
2798.554104	.13421
2799.518458	.13414
2800.482811	.13419
2801.447165	.13428
2802.411519	.13433
2803.375872	.13432
2804.340226	.13429
2805.304579	.13429
2806.268933	.1343
2807.233287	.13418
2808.197640	.1341
2809.161994	.13438
2810.126347	.13484
2811.090701	.13484
2812.055054	.13445
2813.019408	.13432
2813.983762	.13444
2814.948115	.13443
2815.912469	.13428
2816.876822	.13417
2817.841176	.13415
2818.805530	.13423
2819.769883	.13442
2820.734237	.13445
2821.698590	.13423
2822.662944	.13421
2823.627297	.13454
2824.591651	.13467
2825.556005	.13447
2826.520358	.13434
2827.484712	.13426
2828.449065	.13423
2829.413419	.13436
2830.377773	.13444
2831.342126	.13429
2832.306480	.13402
2833.270833	.13385
2834.235187	.13396
2835.199541	.13407
2836.163894	.1341
2837.128248	.13427
2838.092601	.13426
2839.056955	.13385
2840.021308	.13358
2840.985662	.13362
2841.950016	.13376
2842.914369	.13396
2843.878723	.13409
2844.843076	.13402
2845.807430	.13391
2846.771784	.13386
2847.736137	.13372
2848.700491	.1336
2849.664844	.13379
2850.629198	.1342
2851.593551	.13445
2852.557905	.13444
2853.522259	.13433
2854.486612	.13422
2855.450966	.13406
2856.415319	.13392
2857.379673	.13404
2858.344027	.1343
2859.308380	.13439
2860.272734	.13439
2861.237087	.13434
2862.201441	.13422
2863.165794	.13419
2864.130148	.13429
2865.094502	.13442
2866.058855	.13441
2867.023209	.13428
2867.987562	.13422
2868.951916	.13435
2869.916270	.13465
2870.880623	.13486
2871.844977	.1347
2872.809330	.13445
2873.773684	.13449
2874.738038	.13455
2875.702391	.13432
2876.666745	.1341
2877.631098	.13418
2878.595452	.1345
2879.559805	.13465
2880.524159	.13454
2881.488513	.13451
2882.452866	.13461
2883.417220	.13466
2884.381573	.13455
2885.345927	.13446
2886.310281	.13449
2887.274634	.1344
2888.238988	.13414
2889.203341	.13398
2890.167695	.13401
2891.132048	.13414
2892.096402	.13417
2893.060756	.13416
2894.025109	.13424
2894.989463	.13425
2895.953816	.13408
2896.918170	.13402
2897.882524	.13424
2898.846877	.13446
2899.811231	.13434
2900.775584	.13403
2901.739938	.13385
2902.704291	.13383
2903.668645	.13399
2904.632999	.13413
2905.597352	.13389
2906.561706	.1337
2907.526059	.13402
2908.490413	.13433
2909.454767	.1343
2910.419120	.13414
2911.383474	.13398
2912.347827	.134
2913.312181	.13431
2914.276535	.13464
2915.240888	.13467
2916.205242	.13447
2917.169595	.13438
2918.133949	.13444
2919.098302	.13443
2920.062656	.13441
2921.027010	.13444
2921.991363	.13439
2922.955717	.13424
2923.920070	.13413
2924.884424	.13415
2925.848778	.1343
2926.813131	.13446
2927.777485	.13454
2928.741838	.13472
2929.706192	.13505
2930.670545	.13521
2931.634899	.13504
2932.599253	.13491
2933.563606	.13495
2934.527960	.13485
2935.492313	.13465
2936.456667	.13453
2937.421021	.13456
2938.385374	.13478
2939.349728	.1349
2940.314081	.13475
2941.278435	.13471
2942.242789	.13485
2943.207142	.13482
2944.171496	.13476
2945.135849	.13482
2946.100203	.13472
2947.064556	.13463
2948.028910	.13464
2948.993264	.13453
2949.957617	.13444
2950.921971	.13443
2951.886324	.13422
2952.850678	.13392
2953.815032	.13379
2954.779385	.13382
2955.743739	.13397
2956.708092	.13431
2957.672446	.1348
2958.636799	.13515
2959.601153	.13519
2960.565507	.13512
2961.529860	.13502
2962.494214	.13496
2963.458567	.1349
2964.422921	.1347
2965.387275	.13458
2966.351628	.13483
2967.315982	.13522
2968.280335	.13534
2969.244689	.13509
2970.209042	.13483
2971.173396	.13478
2972.137750	.13474
2973.102103	.13475
2974.066457	.13478
2975.030810	.13475
2975.995164	.13496
2976.959518	.13521
2977.923871	.13502
2978.888225	.13473
2979.852578	.13483
2980.816932	.13513
2981.781286	.13522
2982.745639	.13507
2983.709993	.13489
2984.674346	.13475
2985.638700	.13472
2986.603053	.13493
2987.567407	.13518
2988.531761	.13529
2989.496114	.13539
2990.460468	.1354
2991.424821	.13531
2992.389175	.13546
2993.353529	.13577
2994.317882	.13577
2995.282236	.13535
2996.246589	.1349
2997.210943	.13486
2998.175296	.13514
2999.139650	.13539
3000.104004	.13551
3001.068357	.13549
3002.032711	.13523
3002.997064	.13487
3003.961418	.1348
3004.925772	.13498
3005.890125	.13509
3006.854479	.13511
3007.818832	.13501
3008.783186	.13477
3009.747539	.13471
3010.711893	.13496
3011.676247	.1352
3012.640600	.13522
3013.604954	.13512
3014.569307	.13496
3015.533661	.13485
3016.498015	.13497
3017.462368	.13519
3018.426722	.13519
3019.391075	.13501
3020.355429	.13486
3021.319783	.13461
3022.284136	.13426
3023.248490	.13417
3024.212843	.13442
3025.177197	.13481
3026.141550	.13503
3027.105904	.13508
3028.070258	.13504
3029.034611	.13485
3029.998965	.13476
3030.963318	.13502
3031.927672	.1353
3032.892026	.13531
3033.856379	.13524
3034.820733	.13528
3035.785086	.13525
3036.749440	.13504
3037.713793	.13493
3038.678147	.13514
3039.642501	.13532
3040.606854	.13526
3041.571208	.13508
3042.535561	.13487
3043.499915	.13478
3044.464269	.13485
3045.428622	.13485
3046.392976	.13476
3047.357329	.13474
3048.321683	.13479
3049.286037	.13478
3050.250390	.13474
3051.214744	.13489
3052.179097	.13508
3053.143451	.13506
3054.107804	.13514
3055.072158	.13544
3056.036512	.13557
3057.000865	.13553
3057.965219	.13537
3058.929572	.13506
3059.893926	.13495
3060.858280	.13516
3061.822633	.13527
3062.786987	.13514
3063.751340	.13497
3064.715694	.1349
3065.680047	.13485
3066.644401	.1348
3067.608755	.13468
3068.573108	.13439
3069.537462	.13441
3070.501815	.13491
3071.466169	.13516
3072.430523	.13496
3073.394876	.13495
3074.359230	.13536
3075.323583	.13565
3076.287937	.13536
3077.252290	.13506
3078.216644	.13515
3079.180998	.13514
3080.145351	.13489
3081.109705	.13494
3082.074058	.13534
3083.038412	.13548
3084.002766	.13524
3084.967119	.13498
3085.931473	.1349
3086.895826	.13509
3087.860180	.13534
3088.824534	.13564
3089.788887	.136
3090.753241	.13595
3091.717594	.1355
3092.681948	.13518
3093.646301	.13507
3094.610655	.13498
3095.575009	.13485
3096.539362	.13476
3097.503716	.1349
3098.468069	.13518
3099.432423	.13535
3100.396777	.13544
3101.361130	.13536
3102.325484	.13518
3103.289837	.13518
3104.254191	.13531
3105.218544	.13532
3106.182898	.13532
3107.147252	.1354
3108.111605	.1354
3109.075959	.13541
3110.040312	.13556
3111.004666	.13551
3111.969020	.13531
3112.933373	.13539
3113.897727	.13564
3114.862080	.13559
3115.826434	.13528
3116.790787	.13494
3117.755141	.13466
3118.719495	.13469
3119.683848	.13495
3120.648202	.13509
3121.612555	.13516
3122.576909	.13546
3123.541263	.13589
3124.505616	.13594
3125.469970	.13559
3126.434323	.13528
3127.398677	.13529
3128.363031	.13549
3129.327384	.13538
3130.291738	.13498
3131.256091	.1348
3132.220445	.13484
3133.184798	.13492
3134.149152	.13516
3135.113506	.13547
3136.077859	.13565
3137.042213	.13567
3138.006566	.13558
3138.970920	.13551
3139.935274	.13547
3140.899627	.13544
3141.863981	.13539
3142.828334	.13526
3143.792688	.13517
3144.757041	.13523
3145.721395	.13529
3146.685749	.13525
3147.650102	.13507
3148.614456	.13494
3149.578809	.13509
3150.543163	.13519
3151.507517	.13504
3152.471870	.13491
3153.436224	.13495
3154.400577	.13513
3155.364931	.13536
3156.329284	.13538
3157.293638	.13514
3158.257992	.13487
3159.222345	.13474
3160.186699	.13477
3161.151052	.13496
3162.115406	.13514
3163.079760	.13505
3164.044113	.13484
3165.008467	.13497
3165.972820	.13532
3166.937174	.13529
3167.901528	.135
3168.865881	.13495
3169.830235	.13519
3170.794588	.13551
3171.758942	.13578
3172.723295	.13569
3173.687649	.13522
3174.652003	.13494
3175.616356	.13511
3176.580710	.1353
3177.545063	.13519
3178.509417	.13497
3179.473771	.13493
3180.438124	.13507
3181.402478	.13522
3182.366831	.13527
3183.331185	.13536
3184.295538	.13553
3185.259892	.13548
3186.224246	.13521
3187.188599	.13505
3188.152953	.13503
3189.117306	.13508
3190.081660	.13507
3191.046014	.13484
3192.010367	.13459
3192.974721	.13459
3193.939074	.13475
3194.903428	.13498
3195.867782	.13519
3196.832135	.1354
3197.796489	.13568
3198.760842	.13582
3199.725196	.13564
3200.689549	.13535
3201.653903	.13523
3202.618257	.1353
3203.582610	.13554
3204.546964	.13569
3205.511317	.1356
3206.475671	.13548
3207.440025	.13543
3208.404378	.13527
3209.368732	.1351
3210.333085	.13505
3211.297439	.13504
3212.261792	.13499
3213.226146	.1348
3214.190500	.13456
3215.154853	.13474
3216.119207	.13529
3217.083560	.13542
3218.047914	.13508
3219.012268	.13476
3219.976621	.13463
3220.940975	.13474
3221.905328	.13496
3222.869682	.13508
3223.834035	.13519
3224.798389	.13536
3225.762743	.13553
3226.727096	.13552
3227.691450	.13535
3228.655803	.13508
3229.620157	.13474
3230.584511	.13472
3231.548864	.13507
3232.513218	.13546
3233.477571	.13573
3234.441925	.13573
3235.406279	.13538
3236.370632	.13495
3237.334986	.1348
3238.299339	.13494
3239.263693	.13507
3240.228046	.13528
3241.192400	.13565
3242.156754	.13581
3243.121107	.1357
3244.085461	.13559
3245.049814	.13547
3246.014168	.13526
3246.978522	.13507
3247.942875	.135
3248.907229	.13496
3249.871582	.13487
3250.835936	.13501
3251.800289	.13526
3252.764643	.13516
3253.728997	.13496
3254.693350	.13505
3255.657704	.13532
3256.622057	.13557
3257.586411	.13561
3258.550765	.13542
3259.515118	.13527
3260.479472	.13515
3261.443825	.13495
3262.408179	.13481
3263.372532	.13486
3264.336886	.13511
3265.301240	.13533
3266.265593	.13541
3267.229947	.1354
3268.194300	.1354
3269.158654	.13552
3270.123008	.13554
3271.087361	.13526
3272.051715	.13509
3273.016068	.13526
3273.980422	.13541
3274.944776	.13538
3275.909129	.1354
3276.873483	.13538
3277.837836	.13521
3278.802190	.13501
3279.766543	.13485
3280.730897	.13475
3281.695251	.13497
3282.659604	.13549
3283.623958	.1357
3284.588311	.13545
3285.552665	.13539
3286.517019	.13536
3287.481372	.13502
3288.445726	.13496
3289.410079	.13524
3290.374433	.13529
3291.338786	.13523
3292.303140	.13541
3293.267494	.13578
3294.231847	.13592
3295.196201	.13564
3296.160554	.13532
3297.124908	.13523
3298.089262	.13537
3299.053615	.13559
3300.017969	.13571
3300.982322	.1357
3301.946676	.13548
3302.911030	.13511
3303.875383	.13494
3304.839737	.13503
3305.804090	.13523
3306.768444	.13543
3307.732797	.13543
3308.697151	.13513
3309.661505	.13484
3310.625858	.13486
3311.590212	.13518
3312.554565	.13542
3313.518919	.13522
3314.483273	.13488
3315.447626	.13491
3316.411980	.13531
3317.376333	.13549
3318.340687	.13526
3319.305040	.13524
3320.269394	.13559
3321.233748	.13579
3322.198101	.13568
3323.162455	.1355
3324.126808	.13558
3325.091162	.13565
3326.055516	.13541
3327.019869	.13524
3327.984223	.1354
3328.948576	.13544
3329.912930	.13523
3330.877283	.13509
3331.841637	.1352
3332.805991	.13533
3333.770344	.13529
3334.734698	.13514
3335.699051	.13495
3336.663405	.13501
3337.627759	.1353
3338.592112	.13529
3339.556466	.13511
3340.520819	.13505
3341.485173	.13477
3342.449527	.13443
3343.413880	.13455
3344.378234	.13499
3345.342587	.13519
3346.306941	.13501
3347.271294	.13499
3348.235648	.13531
3349.200002	.13558
3350.164355	.1358
3351.128709	.13588
3352.093062	.13558
3353.057416	.13522
3354.021770	.13508
3354.986123	.13501
3355.950477	.13502
3356.914830	.13528
3357.879184	.13565
3358.843537	.13582
3359.807891	.13571
3360.772245	.13546
3361.736598	.13519
3362.700952	.1351
3363.665305	.13526
3364.629659	.13541
3365.594013	.13528
3366.558366	.13503
3367.522720	.13511
3368.487073	.13554
3369.451427	.13577
3370.415780	.13565
3371.380134	.13551
3372.344488	.1355
3373.308841	.13546
3374.273195	.13531
3375.237548	.13519
3376.201902	.13509
3377.166256	.13505
3378.130609	.13506
3379.094963	.13504
3380.059316	.1352
3381.023670	.13557
3381.988024	.13573
3382.952377	.13548
3383.916731	.13516
3384.881084	.13516
3385.845438	.13539
3386.809791	.13562
3387.774145	.13566
3388.738499	.13542
3389.702852	.13519
3390.667206	.13519
3391.631559	.13522
3392.595913	.13535
3393.560267	.13562
3394.524620	.13564
3395.488974	.13536
3396.453327	.13532
3397.417681	.13564
3398.382034	.13576
3399.346388	.13552
3400.310742	.13535
3401.275095	.1355
3402.239449	.13576
3403.203802	.13582
3404.168156	.13555
3405.132510	.13524
3406.096863	.1351
3407.061217	.13508
3408.025570	.13506
3408.989924	.13512
3409.954278	.13538
3410.918631	.13545
3411.882985	.13516
3412.847338	.135
3413.811692	.1352
3414.776045	.13549
3415.740399	.13562
3416.704753	.13542
3417.669106	.13506
3418.633460	.13485
3419.597813	.13493
3420.562167	.13527
3421.526521	.13541
3422.490874	.13507
3423.455228	.13474
3424.419581	.13478
3425.383935	.13495
3426.348288	.13512
3427.312642	.13533
3428.276996	.13542
3429.241349	.13525
3430.205703	.13516
3431.170056	.13543
3432.134410	.13568
3433.098764	.13556
3434.063117	.13532
3435.027471	.13546
3435.991824	.13588
3436.956178	.13587
3437.920531	.13546
3438.884885	.1352
3439.849239	.1353
3440.813592	.13551
3441.777946	.13561
3442.742299	.13573
3443.706653	.13586
3444.671007	.13581
3445.635360	.13574
3446.599714	.13571
3447.564067	.13541
3448.528421	.13488
3449.492775	.13458
3450.457128	.13471
3451.421482	.13514
3452.385835	.13548
3453.350189	.13538
3454.314542	.13524
3455.278896	.13537
3456.243250	.13544
3457.207603	.13521
3458.171957	.13499
3459.136310	.13511
3460.100664	.13541
3461.065018	.13557
3462.029371	.13558
3462.993725	.13547
3463.958078	.1351
3464.922432	.13478
3465.886785	.13474
3466.851139	.13474
3467.815493	.13483
3468.779846	.13512
3469.744200	.13532
3470.708553	.13537
3471.672907	.13549
3472.637261	.13571
3473.601614	.13575
3474.565968	.13558
3475.530321	.13557
3476.494675	.13563
3477.459028	.13561
3478.423382	.13555
3479.387736	.13544
3480.352089	.13553
3481.316443	.13569
3482.280796	.13536
3483.245150	.13472
3484.209504	.13447
3485.173857	.13484
3486.138211	.13532
3487.102564	.13553
3488.066918	.13556
3489.031272	.13549
3489.995625	.13541
3490.959979	.13544
3491.924332	.13553
3492.888686	.13563
3493.853039	.13572
3494.817393	.13552
3495.781747	.135
3496.746100	.1348
3497.710454	.13518
3498.674807	.13554
3499.639161	.13551
3500.603515	.13528
3501.567868	.13517
3502.532222	.13521
3503.496575	.13499
3504.460929	.13471
3505.425282	.13494
3506.389636	.13548
3507.353990	.13578
3508.318343	.13566
3509.282697	.13538
3510.247050	.13536
3511.211404	.13551
3512.175758	.13578
3513.140111	.13618
3514.104465	.13622
3515.068818	.13574
3516.033172	.13543
3516.997526	.13551
3517.961879	.13551
3518.926233	.13542
3519.890586	.13529
3520.854940	.13489
3521.819293	.13435
3522.783647	.13411
3523.748001	.13433
3524.712354	.13478
3525.676708	.13508
3526.641061	.13499
3527.605415	.13476
3528.569769	.13479
3529.534122	.135
3530.498476	.13519
3531.462829	.1353
3532.427183	.13506
3533.391536	.13465
3534.355890	.1346
3535.320244	.13497
3536.284597	.13555
3537.248951	.13612
3538.213304	.13627
3539.177658	.13605
3540.142012	.1357
3541.106365	.13525
3542.070719	.13498
3543.035072	.13485
3543.999426	.13461
3544.963779	.13449
3545.928133	.13478
3546.892487	.13522
3547.856840	.13544
3548.821194	.13549
3549.785547	.13533
3550.749901	.13498
3551.714255	.13487
3552.678608	.13506
3553.642962	.13521
3554.607315	.13523
3555.571669	.13521
3556.536023	.13531
3557.500376	.13546
3558.464730	.13547
3559.429083	.13543
3560.393437	.13539
3561.357790	.13532
3562.322144	.13521
3563.286498	.13496
3564.250851	.13458
3565.215205	.1342
3566.179558	.13386
3567.143912	.13357
3568.108266	.13362
3569.072619	.13419
3570.036973	.13484
3571.001326	.13513
3571.965680	.13519
3572.930033	.13529
3573.894387	.13532
3574.858741	.13503
3575.823094	.13468
3576.787448	.13482
3577.751801	.13553
3578.716155	.13616
3579.680509	.13616
3580.644862	.13571
3581.609216	.13515
3582.573569	.13478
3583.537923	.1349
3584.502276	.13509
3585.466630	.13478
3586.430984	.13443
3587.395337	.13453
3588.359691	.13463
3589.324044	.13471
3590.288398	.13511
3591.252752	.13546
3592.217105	.13543
3593.181459	.1353
3594.145812	.13512
3595.110166	.13455
3596.074520	.13402
3597.038873	.13418
3598.003227	.1348
3598.967580	.13529
3599.931934	.13542
3600.896287	.13531
3601.860641	.13518
3602.824995	.13517
3603.789348	.13529
3604.753702	.13532
3605.718055	.13501
3606.682409	.13439
3607.646763	.1338
3608.611116	.13366
3609.575470	.13427
3610.539823	.13511
3611.504177	.13537
3612.468530	.13507
3613.432884	.13475
3614.397238	.13471
3615.361591	.13499
3616.325945	.13522
3617.290298	.13503
3618.254652	.13459
3619.219006	.13419
3620.183359	.13419
3621.147713	.13466
3622.112066	.1353
3623.076420	.13578
3624.040774	.13568
3625.005127	.13513
3625.969481	.13467
3626.933834	.134
3627.898188	.13293
3628.862541	.13235
3629.826895	.13296
3630.791249	.13425
3631.755602	.1353
3632.719956	.13542
3633.684309	.13492
3634.648663	.13478
3635.613017	.13517
3636.577370	.13536
3637.541724	.13522
3638.506077	.13527
3639.470431	.13543
3640.434784	.13555
3641.399138	.13591
3642.363492	.1361
3643.327845	.13566
3644.292199	.135
3645.256552	.13449
3646.220906	.13393
3647.185260	.13299
3648.149613	.13203
3649.113967	.13176
3650.078320	.13216
3651.042674	.13283
3652.007027	.13393
3652.971381	.13519
3653.935735	.13553
3654.900088	.13472
3655.864442	.13391
3656.828795	.13412
3657.793149	.13487
3658.757503	.13541
3659.721856	.13551
3660.686210	.13517
3661.650563	.13483
3662.614917	.13481
3663.579271	.1349
3664.543624	.13498
3665.507978	.13515
3666.472331	.13513
3667.436685	.13447
3668.401038	.13333
3669.365392	.13244
3670.329746	.13249
3671.294099	.13349
3672.258453	.13449
3673.222806	.13465
3674.187160	.13384
3675.151514	.13263
3676.115867	.13231
3677.080221	.13323
3678.044574	.13422
3679.008928	.13455
3679.973281	.13465
3680.937635	.13516
3681.901989	.13586
3682.866342	.13601
3683.830696	.13552
3684.795049	.13514
3685.759403	.13531
3686.723757	.1353
3687.688110	.13427
3688.652464	.13308
3689.616817	.1329
3690.581171	.1335
3691.545524	.13459
3692.509878	.13558
3693.474232	.13591
3694.438585	.13591
3695.402939	.13563
3696.367292	.13496
3697.331646	.13457
3698.296000	.13463
3699.260353	.1346
3700.224707	.13434
3701.189060	.13438
3702.153414	.13508
3703.117768	.13575
3704.082121	.13589
3705.046475	.13574
3706.010828	.13533
3706.975182	.13485
3707.939535	.1345
3708.903889	.1341
3709.868243	.1337
3710.832596	.1332
3711.796950	.13259
3712.761303	.13262
3713.725657	.13344
3714.690011	.13433
3715.654364	.13471
3716.618718	.13462
3717.583071	.13482
3718.547425	.13545
3719.511778	.13563
3720.476132	.13496
3721.440486	.13424
3722.404839	.13433
3723.369193	.13474
3724.333546	.13452
3725.297900	.13395
3726.262254	.13395
3727.226607	.13471
3728.190961	.13559
3729.155314	.13599
3730.119668	.13555
3731.084022	.13437
3732.048375	.1335
3733.012729	.13341
3733.977082	.13331
3734.941436	.13295
3735.905789	.13279
3736.870143	.13317
3737.834497	.13391
3738.798850	.13435
3739.763204	.1344
3740.727557	.13424
3741.691911	.1339
3742.656265	.13301
3743.620618	.13114
3744.584972	.13016
3745.549325	.13189
3746.513679	.13385
3747.478032	.13418
3748.442386	.13295
3749.406740	.13161
3750.371093	.13154
3751.335447	.1319
3752.299800	.13236
3753.264154	.13357
3754.228508	.13481
3755.192861	.13516
3756.157215	.1348
3757.121568	.13447
3758.085922	.13435
3759.050275	.13401
3760.014629	.13377
3760.978983	.13436
3761.943336	.13504
3762.907690	.13488
3763.872043	.1344
3764.836397	.13435
3765.800751	.13465
3766.765104	.13491
3767.729458	.1348
3768.693811	.1342
3769.658165	.13363
3770.622519	.13398
3771.586872	.13487
3772.551226	.13541
3773.515579	.13571
3774.479933	.13582
3775.444286	.13557
3776.408640	.13525
3777.372994	.13494
3778.337347	.13466
3779.301701	.13482
3780.266054	.13519
3781.230408	.13526
3782.194762	.13522
3783.159115	.13523
3784.123469	.13525
3785.087822	.13551
3786.052176	.13577
3787.016529	.1357
3787.980883	.13542
3788.945237	.13508
3789.909590	.13497
3790.873944	.13509
3791.838297	.13526
3792.802651	.13564
3793.767005	.136
3794.731358	.13593
3795.695712	.13533
3796.660065	.13473
3797.624419	.13464
3798.588772	.1345
3799.553126	.13377
3800.517480	.13276
3801.481833	.13255
3802.446187	.13357
3803.410540	.13463
3804.374894	.13494
3805.339248	.13441
3806.303601	.13344
3807.267955	.13353
3808.232308	.13484
3809.196662	.13558
3810.161016	.13537
3811.125369	.13515
3812.089723	.13509
3813.054076	.13492
3814.018430	.13446
3814.982783	.1333
3815.947137	.13233
3816.911491	.13304
3817.875844	.13444
3818.840198	.13484
3819.804551	.13388
3820.768905	.13263
3821.733259	.1327
3822.697612	.13392
3823.661966	.13479
3824.626319	.13475
3825.590673	.13437
3826.555026	.13446
3827.519380	.13501
3828.483734	.13541
3829.448087	.1354
3830.412441	.13505
3831.376794	.13468
3832.341148	.13454
3833.305502	.13425
3834.269855	.13371
3835.234209	.13358
3836.198562	.13349
3837.162916	.13267
3838.127269	.13222
3839.091623	.13303
3840.055977	.13399
3841.020330	.13456
3841.984684	.13492
3842.949037	.13519
3843.913391	.13528
3844.877745	.13511
3845.842098	.13497
3846.806452	.13509
3847.770805	.13518
3848.735159	.13512
3849.699513	.13514
3850.663866	.13488
3851.628220	.13358
3852.592573	.13154
3853.556927	.13015
3854.521280	.13079
3855.485634	.13287
3856.449988	.13435
3857.414341	.13465
3858.378695	.13489
3859.343048	.13541
3860.307402	.13526
3861.271756	.13463
3862.236109	.13432
3863.200463	.13391
3864.164816	.13316
3865.129170	.13311
3866.093523	.13422
3867.057877	.1352
3868.022231	.13484
3868.986584	.13359
3869.950938	.13339
3870.915291	.13433
3871.879645	.13466
3872.843999	.13411
3873.808352	.13363
3874.772706	.13391
3875.737059	.13463
3876.701413	.13519
3877.665767	.13537
3878.630120	.13497
3879.594474	.13413
3880.558827	.13393
3881.523181	.1347
3882.487534	.13534
3883.451888	.13506
3884.416242	.13413
3885.380595	.1336
3886.344949	.13432
3887.309302	.13543
3888.273656	.13582
3889.238010	.13526
3890.202363	.13405
3891.166717	.13328
3892.131070	.13362
3893.095424	.13429
3894.059777	.13488
3895.024131	.13541
3895.988485	.13544
3896.952838	.13483
3897.917192	.1341
3898.881545	.1335
3899.845899	.13307
3900.810253	.13304
3901.774606	.13332
3902.738960	.13345
3903.703313	.13337
3904.667667	.13366
3905.632020	.13441
3906.596374	.13501
3907.560728	.13528
3908.525081	.13542
3909.489435	.13546
3910.453788	.1352
3911.418142	.13487
3912.382496	.13502
3913.346849	.13541
3914.311203	.13544
3915.275556	.13494
3916.239910	.13409
3917.204264	.13369
3918.168617	.13405
3919.132971	.13448
3920.097324	.135
3921.061678	.13567
3922.026031	.13565
3922.990385	.13498
3923.954739	.1346
3924.919092	.13467
3925.883446	.1347
3926.847799	.1348
3927.812153	.13533
3928.776507	.13565
3929.740860	.13519
3930.705214	.13452
3931.669567	.13432
3932.633921	.1347
3933.598274	.13501
3934.562628	.13497
3935.526982	.13503
3936.491335	.13523
3937.455689	.13527
3938.420042	.13513
3939.384396	.13511
3940.348750	.13539
3941.313103	.13558
3942.277457	.13552
3943.241810	.13522
3944.206164	.13467
3945.170517	.13439
3946.134871	.13464
3947.099225	.13472
3948.063578	.13446
3949.027932	.13448
3949.992285	.13479
3950.956639	.13491
3951.920993	.13492
3952.885346	.13535
3953.849700	.13589
3954.814053	.13588
3955.778407	.13575
3956.742761	.13592
3957.707114	.13577
3958.671468	.13498
3959.635821	.13442
3960.600175	.13482
3961.564528	.13545
3962.528882	.13534
3963.493236	.135
3964.457589	.13528
3965.421943	.1358
3966.386296	.13587
3967.350650	.13557
3968.315004	.13526
3969.279357	.13512
3970.243711	.13503
3971.208064	.13495
3972.172418	.13525
3973.136771	.13577
3974.101125	.13586
3975.065479	.13558
3976.029832	.13543
3976.994186	.13547
3977.958539	.13547
3978.922893	.13528
3979.887247	.13523
3980.851600	.13567
3981.815954	.13617
3982.780307	.13619
3983.744661	.13579
3984.709015	.13525
3985.673368	.13484
3986.637722	.13484
3987.602075	.13498
3988.566429	.13491
3989.530782	.13492
3990.495136	.13532
3991.459490	.13585
3992.423843	.1358
3993.388197	.13518
3994.352550	.13482
3995.316904	.13517
3996.281258	.13571
3997.245611	.13589
3998.209965	.13578
3999.174318	.13555
4000.138672	.13527
