499.535156	.0017489
500.499510	.0015209
501.463863	.0016388
502.428217	.0026694
503.392571	.0036796
504.356924	.003149
505.321278	.0022792
506.285631	.0024367
507.249985	.0028309
508.214339	.0029437
509.178692	.0026789
510.143046	.0022666
511.107399	.002342
512.071753	.0024318
513.036106	.0027764
514.000460	.0028477
514.964814	.0024219
515.929167	.0020385
516.893521	.0022
517.857874	.0030546
518.822228	.0046668
519.786582	.0062636
520.750935	.0072933
521.715289	.0080646
522.679642	.0088919
523.643996	.0095195
524.608349	.0095726
525.572703	.0094129
526.537057	.009395
527.501410	.0091345
528.465764	.0089474
529.430117	.0091193
530.394471	.0089189
531.358825	.0081772
532.323178	.0078975
533.287532	.008591
534.251885	.0092503
535.216239	.0091181
536.180593	.0084486
537.144946	.0076273
538.109300	.0071351
539.073653	.0064286
540.038007	.0051014
541.002360	.0045525
541.966714	.0051967
542.931068	.0049705
543.895421	.0035651
544.859775	.0028127
545.824128	.003198
546.788482	.0034913
547.752836	.0029829
548.717189	.0024309
549.681543	.0026188
550.645896	.0030421
551.610250	.0029296
552.574603	.0026007
553.538957	.0028098
554.503311	.0037294
555.467664	.0042773
556.432018	.0037919
557.396371	.0034401
558.360725	.0031173
559.325079	.0024879
560.289432	.0021862
561.253786	.0025436
562.218139	.0025399
563.182493	.002497
564.146846	.0028672
565.111200	.002993
566.075554	.0011259
567.039907	.0029724
568.004261	.0032246
568.968614	.0019274
569.932968	.0021425
570.897322	.0038648
571.861675	.0033129
572.826029	.0024347
573.790382	.0020405
574.754736	.0018664
575.719090	.0023993
576.683443	.0031902
577.647797	.0031855
578.612150	.0027009
579.576504	.0024204
580.540857	.002802
581.505211	.0033794
582.469565	.0033683
583.433918	.0027681
584.398272	.0022571
585.362625	.0018892
586.326979	.0011301
587.291333	.0009835
588.255686	.0018674
589.220040	.0023574
590.184393	.0019979
591.148747	.0016755
592.113100	.0019786
593.077454	.0023302
594.041808	.0024728
595.006161	.0024022
595.970515	.0021105
596.934868	.0021188
597.899222	.0026761
598.863576	.0029877
599.827929	.0026417
600.792283	.0019
601.756636	.0014844
602.720990	.0017512
603.685343	.0024439
604.649697	.0027004
605.614051	.0024273
606.578404	.0018001
607.542758	.0019434
608.507111	.0028136
609.471465	.0033456
610.435819	.0031753
611.400172	.0028134
612.364526	.0019655
613.328879	.0007543
614.293233	.0005345
615.257587	.0015954
616.221940	.0013288
617.186294	.002086
618.150647	.0027411
619.115001	.0025634
620.079354	.0017551
621.043708	.0016291
622.008062	.0018176
622.972415	.0019528
623.936769	.0011713
624.901122	.0005655
625.865476	.0016568
626.829830	.0035967
627.794183	.0039664
628.758537	.0041256
629.722890	.0044285
630.687244	.0046527
631.651597	.003836
632.615951	.003421
633.580305	.0040078
634.544658	.0037831
635.509012	.0022096
636.473365	.0021664
637.437719	.0027989
638.402073	.0026344
639.366426	.0019815
640.330780	.0015248
641.295133	.0017758
642.259487	.0018744
643.223841	.0012871
644.188194	.0004938
645.152548	.0004619
646.116901	.0011325
647.081255	.0015306
648.045608	.0017387
649.009962	.0021916
649.974316	.0028171
650.938669	.0029497
651.903023	.0022446
652.867376	.0015915
653.831730	.0015711
654.796084	.0015463
655.760437	.0013299
656.724791	.0011747
657.689144	.0016739
658.653498	.0023422
659.617851	.0023638
660.582205	.0016384
661.546559	.0011395
662.510912	.0012077
663.475266	.0016372
664.439619	.00202
665.403973	.0020232
666.368327	.0017849
667.332680	.0018568
668.297034	.0013448
669.261387	.0009206
670.225741	.0010856
671.190094	.0015495
672.154448	.0018537
673.118802	.0012614
674.083155	.0001667
675.047509	.0006987
676.011862	.0018828
676.976216	.0017204
677.940570	.0007023
678.904923	.000397
679.869277	.001018
680.833630	.0014744
681.797984	.0010401
682.762338	.0008264
683.726691	.0008325
684.691045	.0008245
685.655398	.0009443
686.619752	.0017867
687.584105	.0017142
688.548459	.0015415
689.512813	.0011628
690.477166	.0006689
691.441520	.0005235
692.405873	.0010042
693.370227	.0014329
694.334581	.0014574
695.298934	.0011799
696.263288	.0007689
697.227641	.0004853
698.191995	.0007216
699.156348	.0011993
700.120702	.0013587
701.085056	.0012124
702.049409	.0010289
703.013763	.0009883
703.978116	.0012176
704.942470	.0010926
705.906824	.0010198
706.871177	.0013598
707.835531	.0014664
708.799884	.0009627
709.764238	.0006793
710.728591	.000955
711.692945	.0012772
712.657299	.0012227
713.621652	.0011543
714.586006	.0013895
715.550359	.0016349
716.514713	.0016122
717.479067	.0013541
718.443420	.0009937
719.407774	.0008393
720.372127	.0011121
721.336481	.0014729
722.300835	.0015953
723.265188	.0013802
724.229542	.0009453
725.193895	.000971
726.158249	.0011441
727.122602	.0012083
728.086956	.0011448
729.051310	.0012528
730.015663	.0015963
730.980017	.0018646
731.944370	.0019471
732.908724	.0018578
733.873078	.0015081
734.837431	.0011728
735.801785	.0011006
736.766138	.0012848
737.730492	.0014026
738.694845	.0014603
739.659199	.0018274
740.623553	.002008
741.587906	.0016454
742.552260	.0012992
743.516613	.0014073
744.480967	.001125
745.445321	.0010192
746.409674	.0012588
747.374028	.0011301
748.338381	.0010899
749.302735	.0012512
750.267088	.0011716
751.231442	.0010283
752.195796	.0011134
753.160149	.0009566
754.124503	.0008842
755.088856	.0012482
756.053210	.0016361
757.017564	.0016124
757.981917	.0012355
758.946271	.0007276
759.910624	.0007945
760.874978	.0013707
761.839332	.001636
762.803685	.0013244
763.768039	.0011587
764.732392	.0011797
765.696746	.0010035
766.661099	.0008872
767.625453	.0011061
768.589807	.00122
769.554160	.0010304
770.518514	.0009924
771.482867	.0011464
772.447221	.0009738
773.411575	.0008174
774.375928	.0008983
775.340282	.0012435
776.304635	.0016281
777.268989	.0015642
778.233342	.0010125
779.197696	.0005146
780.162050	.0005734
781.126403	.0010634
782.090757	.0014002
783.055110	.0012633
784.019464	.0009677
784.983818	.0010906
785.948171	.0004817
786.912525	.0005913
787.876878	.0012465
788.841232	.0015511
789.805586	.001499
790.769939	.0016712
791.734293	.0018164
792.698646	.0014442
793.663000	.0008731
794.627353	.0005538
795.591707	.0006867
796.556061	.0011565
797.520414	.0017288
798.484768	.0015464
799.449121	.0008438
800.413475	.0005374
801.377829	.0007138
802.342182	.0010139
803.306536	.0012166
804.270889	.0013322
805.235243	.0011323
806.199596	.0009269
807.163950	.0010785
808.128304	.0012769
809.092657	.001449
810.057011	.0018013
811.021364	.0017632
811.985718	.0012956
812.950072	.0009713
813.914425	.0009655
814.878779	.0011034
815.843132	.0011809
816.807486	.0011971
817.771839	.0013282
818.736193	.0012838
819.700547	.0009301
820.664900	.0008795
821.629254	.0012065
822.593607	.0011846
823.557961	.0008516
824.522315	.0006356
825.486668	.0005236
826.451022	.0004835
827.415375	.0006428
828.379729	.0007618
829.344083	.0007211
830.308436	.0006293
831.272790	.0006768
832.237143	.0007669
833.201497	.0010254
834.165850	.0015845
835.130204	.0017629
836.094558	.0014217
837.058911	.0012156
838.023265	.0011921
838.987618	.0012218
839.951972	.001129
840.916326	.0010606
841.880679	.0008731
842.845033	.0006105
843.809386	.0006575
844.773740	.0007181
845.738093	.0005954
846.702447	.0008859
847.666801	.0015183
848.631154	.0017456
849.595508	.0012417
850.559861	.0007455
851.524215	.000843
852.488569	.0011787
853.452922	.0011552
854.417276	.0008715
855.381629	.00089
856.345983	.0012404
857.310336	.0013064
858.274690	.0008822
859.239044	.0005476
860.203397	.0005894
861.167751	.000645
862.132104	.0006013
863.096458	.0004371
864.060812	.0004344
865.025165	.0007475
865.989519	.0008578
866.953872	.000573
867.918226	.000641
868.882580	.0009402
869.846933	.000886
870.811287	.0006022
871.775640	.0003762
872.739994	.000397
873.704347	.0006682
874.668701	.0006714
875.633055	.0005093
876.597408	.0006434
877.561762	.0010334
878.526115	.0013996
879.490469	.0013514
880.454823	.0009837
881.419176	.0007654
882.383530	.0009177
883.347883	.0011213
884.312237	.0008747
885.276590	.0004798
886.240944	.0001032
887.205298	.0005191
888.169651	.0006664
889.134005	.0008211
890.098358	.0008236
891.062712	.0006956
892.027066	.000776
892.991419	.0010251
893.955773	.0009263
894.920126	.0007546
895.884480	.0008191
896.848834	.0010192
897.813187	.0011037
898.777541	.0011616
899.741894	.0012787
900.706248	.0012784
901.670601	.0009637
902.634955	.0008326
903.599309	.0008625
904.563662	.0010875
905.528016	.001302
906.492369	.0010088
907.456723	.0007947
908.421077	.0009622
909.385430	.0009961
910.349784	.0008296
911.314137	.0006503
912.278491	.0005294
913.242844	.0005206
914.207198	.0005706
915.171552	.000582
916.135905	.0006371
917.100259	.0006355
918.064612	.0006149
919.028966	.000788
919.993320	.0009599
920.957673	.0007443
921.922027	.0005198
922.886380	.0006653
923.850734	.0009338
924.815087	.0008549
925.779441	.00056
926.743795	.0006218
927.708148	.0008511
928.672502	.0006952
929.636855	.0005853
930.601209	.0006818
931.565563	.0007157
932.529916	.0006178
933.494270	.0005066
934.458623	.0003078
935.422977	.0003005
936.387331	.0004357
937.351684	.0005707
938.316038	.0007412
939.280391	.0007882
940.244745	.0006904
941.209098	.0006896
942.173452	.0007173
943.137806	.0006243
944.102159	.0005437
945.066513	.0006852
946.030866	.0008252
946.995220	.0007514
947.959574	.000625
948.923927	.0005861
949.888281	.0004395
950.852634	.0003197
951.816988	.0004516
952.781341	.0006589
953.745695	.0007847
954.710049	.0007492
955.674402	.0005427
956.638756	.0006823
957.603109	.0006631
958.567463	.0004274
959.531817	.0005006
960.496170	.0005101
961.460524	.0005143
962.424877	.0005169
963.389231	.0004385
964.353584	.0005198
965.317938	.000675
966.282292	.0008824
967.246645	.0011201
968.210999	.0012584
969.175352	.0012613
970.139706	.0011122
971.104060	.0008129
972.068413	.0005901
973.032767	.0005542
973.997120	.0005872
974.961474	.0007743
975.925828	.0010465
976.890181	.0011377
977.854535	.0011397
978.818888	.0012175
979.783242	.0012102
980.747595	.0010172
981.711949	.0008444
982.676303	.0008837
983.640656	.0010687
984.605010	.0012259
985.569363	.0013434
986.533717	.0013857
987.498071	.00134
988.462424	.001308
989.426778	.0012396
990.391131	.0011195
991.355485	.0011418
992.319838	.001288
993.284192	.0014275
994.248546	.0014531
995.212899	.0014187
996.177253	.0014992
997.141606	.0015964
998.105960	.0014713
999.070314	.0013567
1000.034667	.0014765
1000.999021	.0015015
1001.963374	.0013327
1002.927728	.0012127
1003.892082	.0011812
1004.856435	.0012343
1005.820789	.0013185
1006.785142	.0014528
1007.749496	.001662
1008.713849	.0018411
1009.678203	.0020672
1010.642557	.002321
1011.606910	.0024388
1012.571264	.0024969
1013.535617	.0024975
1014.499971	.0024289
1015.464325	.0024686
1016.428678	.0025785
1017.393032	.0025597
1018.357385	.0024592
1019.321739	.0024716
1020.286092	.0027229
1021.250446	.0030096
1022.214800	.0032024
1023.179153	.0035716
1024.143507	.0040711
1025.107860	.0042817
1026.072214	.0042113
1027.036568	.0041877
1028.000921	.0041757
1028.965275	.003996
1029.929628	.0039343
1030.893982	.0041256
1031.858335	.0042561
1032.822689	.0042885
1033.787043	.0043262
1034.751396	.0043193
1035.715750	.0042783
1036.680103	.0041053
1037.644457	.0037108
1038.608811	.0034879
1039.573164	.0037589
1040.537518	.00418
1041.501871	.0044977
1042.466225	.0048225
1043.430579	.0052301
1044.394932	.0055576
1045.359286	.0057574
1046.323639	.0059591
1047.287993	.00613
1048.252346	.0062547
1049.216700	.0065093
1050.181054	.0068658
1051.145407	.0071196
1052.109761	.0071809
1053.074114	.0071102
1054.038468	.0070931
1055.002822	.0071057
1055.967175	.0068796
1056.931529	.0065732
1057.895882	.0065118
1058.860236	.0065943
1059.824589	.0066146
1060.788943	.0065119
1061.753297	.0062817
1062.717650	.0061253
1063.682004	.0062771
1064.646357	.0065001
1065.610711	.0064835
1066.575065	.0064555
1067.539418	.0067431
1068.503772	.0072841
1069.468125	.0078855
1070.432479	.0084102
1071.396832	.0086671
1072.361186	.0087945
1073.325540	.0092078
1074.289893	.0098476
1075.254247	.010371
1076.218600	.010842
1077.182954	.011358
1078.147308	.011655
1079.111661	.011808
1080.076015	.012161
1081.040368	.012624
1082.004722	.013062
1082.969076	.013505
1083.933429	.013891
1084.897783	.014026
1085.862136	.013885
1086.826490	.01381
1087.790843	.014002
1088.755197	.01441
1089.719551	.015004
1090.683904	.015543
1091.648258	.015806
1092.612611	.016048
1093.576965	.016503
1094.541319	.016933
1095.505672	.017244
1096.470026	.017647
1097.434379	.01809
1098.398733	.018321
1099.363086	.018403
1100.327440	.018493
1101.291794	.018416
1102.256147	.018264
1103.220501	.018549
1104.184854	.019058
1105.149208	.019152
1106.113562	.018825
1107.077915	.018453
1108.042269	.018243
1109.006622	.018288
1109.970976	.018547
1110.935330	.018584
1111.899683	.018265
1112.864037	.01808
1113.828390	.018202
1114.792744	.018329
1115.757097	.018277
1116.721451	.018154
1117.685805	.018067
1118.650158	.018026
1119.614512	.017922
1120.578865	.017607
1121.543219	.017305
1122.507573	.017295
1123.471926	.017443
1124.436280	.017589
1125.400633	.017676
1126.364987	.017658
1127.329340	.0177
1128.293694	.017925
1129.258048	.018162
1130.222401	.018326
1131.186755	.018424
1132.151108	.018485
1133.115462	.018751
1134.079816	.019311
1135.044169	.019874
1136.008523	.020339
1136.972876	.020847
1137.937230	.02139
1138.901583	.021985
1139.865937	.022683
1140.830291	.023396
1141.794644	.024085
1142.758998	.024702
1143.723351	.025209
1144.687705	.02582
1145.652059	.026673
1146.616412	.027515
1147.580766	.028118
1148.545119	.028429
1149.509473	.028559
1150.473827	.028756
1151.438180	.029074
1152.402534	.029466
1153.366887	.029816
1154.331241	.029822
1155.295594	.029468
1156.259948	.029077
1157.224302	.028768
1158.188655	.02837
1159.153009	.027761
1160.117362	.027104
1161.081716	.026681
1162.046070	.026553
1163.010423	.026539
1163.974777	.026558
1164.939130	.026727
1165.903484	.027036
1166.867837	.027453
1167.832191	.028136
1168.796545	.029074
1169.760898	.030049
1170.725252	.030922
1171.689605	.031689
1172.653959	.032511
1173.618313	.033505
1174.582666	.034506
1175.547020	.03533
1176.511373	.03597
1177.475727	.036405
1178.440080	.036769
1179.404434	.037111
1180.368788	.0372
1181.333141	.037145
1182.297495	.037116
1183.261848	.037026
1184.226202	.03698
1185.190556	.036916
1186.154909	.036567
1187.119263	.036107
1188.083616	.035862
1189.047970	.035879
1190.012324	.036219
1190.976677	.036716
1191.941031	.036988
1192.905384	.037198
1193.869738	.037787
1194.834091	.038656
1195.798445	.039512
1196.762799	.040408
1197.727152	.041316
1198.691506	.042201
1199.655859	.043291
1200.620213	.044543
1201.584567	.045712
1202.548920	.04676
1203.513274	.047696
1204.477627	.048574
1205.441981	.049494
1206.406334	.050413
1207.370688	.051399
1208.335042	.052666
1209.299395	.05408
1210.263749	.055328
1211.228102	.056622
1212.192456	.058266
1213.156810	.060041
1214.121163	.061869
1215.085517	.063841
1216.049870	.06576
1217.014224	.067484
1217.978578	.069089
1218.942931	.070725
1219.907285	.072363
1220.871638	.073828
1221.835992	.075111
1222.800345	.076378
1223.764699	.077725
1224.729053	.079076
1225.693406	.080389
1226.657760	.081686
1227.622113	.083029
1228.586467	.084434
1229.550821	.085785
1230.515174	.086984
1231.479528	.08794
1232.443881	.088672
1233.408235	.089439
1234.372588	.090434
1235.336942	.091578
1236.301296	.092663
1237.265649	.093498
1238.230003	.094054
1239.194356	.094376
1240.158710	.094295
1241.123064	.093752
1242.087417	.093126
1243.051771	.092763
1244.016124	.092553
1244.980478	.092403
1245.944831	.092484
1246.909185	.092761
1247.873539	.093041
1248.837892	.093278
1249.802246	.093669
1250.766599	.094376
1251.730953	.095147
1252.695307	.095855
1253.659660	.096771
1254.624014	.097805
1255.588367	.098543
1256.552721	.099058
1257.517075	.099747
1258.481428	.10061
1259.445782	.10123
1260.410135	.1014
1261.374489	.10146
1262.338842	.10148
1263.303196	.10118
1264.267550	.10057
1265.231903	.099789
1266.196257	.098818
1267.160610	.097698
1268.124964	.096464
1269.089318	.095091
1270.053671	.093602
1271.018025	.092087
1271.982378	.090682
1272.946732	.089495
1273.911085	.088591
1274.875439	.088012
1275.839793	.087654
1276.804146	.087349
1277.768500	.087013
1278.732853	.086685
1279.697207	.086537
1280.661561	.086655
1281.625914	.086948
1282.590268	.08739
1283.554621	.088008
1284.518975	.0887
1285.483328	.089438
1286.447682	.090359
1287.412036	.091411
1288.376389	.092365
1289.340743	.093197
1290.305096	.093998
1291.269450	.09489
1292.233804	.095979
1293.198157	.097131
1294.162511	.098215
1295.126864	.099304
1296.091218	.10061
1297.055572	.10237
1298.019925	.10453
1298.984279	.10675
1299.948632	.10889
1300.912986	.11135
1301.877339	.11435
1302.841693	.11766
1303.806047	.12112
1304.770400	.12473
1305.734754	.12841
1306.699107	.13204
1307.663461	.13555
1308.627815	.13904
1309.592168	.1426
1310.556522	.14598
1311.520875	.14902
1312.485229	.1519
1313.449582	.1547
1314.413936	.15752
1315.378290	.16033
1316.342643	.16295
1317.306997	.16539
1318.271350	.16765
1319.235704	.16965
1320.200058	.17154
1321.164411	.17325
1322.128765	.17455
1323.093118	.17559
1324.057472	.17667
1325.021825	.17803
1325.986179	.17976
1326.950533	.18163
1327.914886	.18367
1328.879240	.18636
1329.843593	.1898
1330.807947	.19368
1331.772301	.1978
1332.736654	.20213
1333.701008	.2067
1334.665361	.21138
1335.629715	.21597
1336.594069	.22066
1337.558422	.22561
1338.522776	.2305
1339.487129	.23533
1340.451483	.2406
1341.415836	.24624
1342.380190	.25173
1343.344544	.25689
1344.308897	.26168
1345.273251	.26614
1346.237604	.27039
1347.201958	.27442
1348.166312	.27821
1349.130665	.28196
1350.095019	.28596
1351.059372	.29012
1352.023726	.29411
1352.988079	.29778
1353.952433	.30123
1354.916787	.30475
1355.881140	.3085
1356.845494	.31209
1357.809847	.31516
1358.774201	.31781
1359.738555	.31999
1360.702908	.32169
1361.667262	.3233
1362.631615	.32544
1363.595969	.32886
1364.560323	.33305
1365.524676	.33668
1366.489030	.33964
1367.453383	.34244
1368.417737	.34534
1369.382090	.3485
1370.346444	.35166
1371.310798	.35425
1372.275151	.3559
1373.239505	.35691
1374.203858	.35872
1375.168212	.36213
1376.132566	.36624
1377.096919	.36995
1378.061273	.37315
1379.025626	.37639
1379.989980	.37977
1380.954333	.383
1381.918687	.38599
1382.883041	.38861
1383.847394	.3908
1384.811748	.39266
1385.776101	.3936
1386.740455	.3936
1387.704809	.39535
1388.669162	.39987
1389.633516	.40433
1390.597869	.40737
1391.562223	.40988
1392.526576	.41152
1393.490930	.41109
1394.455284	.41024
1395.419637	.41204
1396.383991	.41545
1397.348344	.41732
1398.312698	.41732
1399.277052	.41834
1400.241405	.42201
1401.205759	.42613
1402.170112	.42894
1403.134466	.43078
1404.098820	.43188
1405.063173	.43329
1406.027527	.43603
1406.991880	.43878
1407.956234	.44038
1408.920587	.44135
1409.884941	.44207
1410.849295	.44261
1411.813648	.44341
1412.778002	.44462
1413.742355	.44574
1414.706709	.44635
1415.671063	.4462
1416.635416	.44518
1417.599770	.4421
1418.564123	.43613
1419.528477	.43293
1420.492830	.43675
1421.457184	.44094
1422.421538	.44033
1423.385891	.43753
1424.350245	.43598
1425.314598	.43607
1426.278952	.43614
1427.243306	.43557
1428.207659	.43442
1429.172013	.43277
1430.136366	.43221
1431.100720	.43333
1432.065073	.43432
1433.029427	.4344
1433.993781	.43427
1434.958134	.43192
1435.922488	.42624
1436.886841	.42454
1437.851195	.43154
1438.815549	.4399
1439.779902	.44448
1440.744256	.44756
1441.708609	.4508
1442.672963	.45426
1443.637317	.45768
1444.601670	.46086
1445.566024	.46373
1446.530377	.46551
1447.494731	.46689
1448.459084	.47064
1449.423438	.47672
1450.387792	.4821
1451.352145	.48627
1452.316499	.49083
1453.280852	.49561
1454.245206	.4983
1455.209560	.495
1456.173913	.48729
1457.138267	.48696
1458.102620	.49835
1459.066974	.51166
1460.031327	.52121
1460.995681	.52757
1461.960035	.53169
1462.924388	.53369
1463.888742	.53287
1464.853095	.53365
1465.817449	.54072
1466.781803	.54993
1467.746156	.55646
1468.710510	.56073
1469.674863	.56307
1470.639217	.56096
1471.603571	.55512
1472.567924	.55236
1473.532278	.55755
1474.496631	.56641
1475.460985	.5718
1476.425338	.57528
1477.389692	.58144
1478.354046	.58803
1479.318399	.59211
1480.282753	.59438
1481.247106	.59634
1482.211460	.59886
1483.175814	.60121
1484.140167	.60233
1485.104521	.60187
1486.068874	.5993
1487.033228	.59648
1487.997581	.59595
1488.961935	.59554
1489.926289	.59476
1490.890642	.59836
1491.854996	.60608
1492.819349	.61237
1493.783703	.61476
1494.748057	.6115
1495.712410	.60459
1496.676764	.60357
1497.641117	.60821
1498.605471	.6113
1499.569824	.615
1500.534178	.62002
1501.498532	.62291
1502.462885	.62472
1503.427239	.62453
1504.391592	.6165
1505.355946	.60155
1506.320300	.59245
1507.284653	.59901
1508.249007	.61432
1509.213360	.62649
1510.177714	.63258
1511.142068	.63419
1512.106421	.63399
1513.070775	.63576
1514.035128	.63806
1514.999482	.63747
1515.963835	.6343
1516.928189	.6327
1517.892543	.63731
1518.856896	.642
1519.821250	.63663
1520.785603	.62664
1521.749957	.62686
1522.714311	.63797
1523.678664	.64694
1524.643018	.64725
1525.607371	.64562
1526.571725	.64822
1527.536078	.65183
1528.500432	.65484
1529.464786	.6588
1530.429139	.66172
1531.393493	.66145
1532.357846	.65723
1533.322200	.65299
1534.286554	.65597
1535.250907	.66385
1536.215261	.66788
1537.179614	.66238
1538.143968	.64533
1539.108321	.62749
1540.072675	.6253
1541.037029	.63339
1542.001382	.6415
1542.965736	.65167
1543.930089	.65996
1544.894443	.66339
1545.858797	.66897
1546.823150	.67679
1547.787504	.68045
1548.751857	.67887
1549.716211	.67606
1550.680565	.67623
1551.644918	.67819
1552.609272	.67561
1553.573625	.66754
1554.537979	.66417
1555.502332	.66882
1556.466686	.66617
1557.431040	.6495
1558.395393	.63403
1559.359747	.63295
1560.324100	.64766
1561.288454	.67073
1562.252808	.68702
1563.217161	.69067
1564.181515	.68832
1565.145868	.68733
1566.110222	.68934
1567.074575	.69076
1568.038929	.68729
1569.003283	.68077
1569.967636	.6811
1570.931990	.691
1571.896343	.70038
1572.860697	.7044
1573.825051	.70366
1574.789404	.69352
1575.753758	.67894
1576.718111	.67983
1577.682465	.69507
1578.646819	.70546
1579.611172	.70792
1580.575526	.70857
1581.539879	.70975
1582.504233	.71153
1583.468586	.71356
1584.432940	.71595
1585.397294	.71845
1586.361647	.72059
1587.326001	.72214
1588.290354	.72289
1589.254708	.72293
1590.219062	.72263
1591.183415	.72211
1592.147769	.72137
1593.112122	.72063
1594.076476	.72023
1595.040829	.72102
1596.005183	.72311
1596.969537	.72574
1597.933890	.72846
1598.898244	.73089
1599.862597	.73276
1600.826951	.73392
1601.791305	.73429
1602.755658	.73406
1603.720012	.73375
1604.684365	.73335
1605.648719	.73246
1606.613072	.7316
1607.577426	.73149
1608.541780	.73203
1609.506133	.73341
1610.470487	.73615
1611.434840	.73933
1612.399194	.74194
1613.363548	.74373
1614.327901	.74243
1615.292255	.73199
1616.256608	.7166
1617.220962	.71594
1618.185316	.73004
1619.149669	.73984
1620.114023	.74173
1621.078376	.74089
1622.042730	.73704
1623.007083	.73213
1623.971437	.73427
1624.935791	.74334
1625.900144	.74947
1626.864498	.74922
1627.828851	.74829
1628.793205	.75099
1629.757559	.7541
1630.721912	.7544
1631.686266	.75324
1632.650619	.75114
1633.614973	.74339
1634.579326	.72763
1635.543680	.71876
1636.508034	.72872
1637.472387	.74452
1638.436741	.75495
1639.401094	.76097
1640.365448	.76406
1641.329802	.76536
1642.294155	.76574
1643.258509	.76463
1644.222862	.75828
1645.187216	.74488
1646.151569	.73489
1647.115923	.73727
1648.080277	.74633
1649.044630	.75582
1650.008984	.76079
1650.973337	.75083
1651.937691	.7232
1652.902045	.70307
1653.866398	.71655
1654.830752	.74652
1655.795105	.76763
1656.759459	.77587
1657.723813	.77717
1658.688166	.77659
1659.652520	.77571
1660.616873	.77368
1661.581227	.76845
1662.545580	.76419
1663.509934	.76821
1664.474288	.77705
1665.438641	.78289
1666.402995	.78488
1667.367348	.78223
1668.331702	.77352
1669.296056	.76719
1670.260409	.76996
1671.224763	.77528
1672.189116	.77877
1673.153470	.77884
1674.117823	.77052
1675.082177	.7615
1676.046531	.76648
1677.010884	.77937
1677.975238	.78674
1678.939591	.78799
1679.903945	.78798
1680.868299	.78877
1681.832652	.78592
1682.797006	.7728
1683.761359	.75242
1684.725713	.74439
1685.690067	.76011
1686.654420	.77925
1687.618774	.78547
1688.583127	.78503
1689.547481	.78549
1690.511834	.78814
1691.476188	.79212
1692.440542	.79509
1693.404895	.79392
1694.369249	.78172
1695.333602	.76269
1696.297956	.76081
1697.262310	.77715
1698.226663	.78154
1699.191017	.76169
1700.155370	.74233
1701.119724	.75216
1702.084077	.77615
1703.048431	.78706
1704.012785	.78604
1704.977138	.78441
1705.941492	.78583
1706.905845	.79086
1707.870199	.79769
1708.834553	.80142
1709.798906	.80141
1710.763260	.80126
1711.727613	.80115
1712.691967	.79842
1713.656320	.79143
1714.620674	.78383
1715.585028	.77833
1716.549381	.76955
1717.513735	.76198
1718.478088	.76946
1719.442442	.787
1720.406796	.79972
1721.371149	.8046
1722.335503	.80549
1723.299856	.80546
1724.264210	.80579
1725.228564	.80587
1726.192917	.80508
1727.157271	.8036
1728.121624	.80111
1729.085978	.79738
1730.050331	.79521
1731.014685	.79534
1731.979039	.79009
1732.943392	.7747
1733.907746	.76247
1734.872099	.77072
1735.836453	.79107
1736.800807	.80378
1737.765160	.80443
1738.729514	.79746
1739.693867	.79099
1740.658221	.79303
1741.622574	.79818
1742.586928	.79851
1743.551282	.79736
1744.515635	.79876
1745.479989	.80055
1746.444342	.80065
1747.408696	.79948
1748.373050	.79903
1749.337403	.79905
1750.301757	.79557
1751.266110	.79277
1752.230464	.79884
1753.194817	.8075
1754.159171	.81013
1755.123525	.80738
1756.087878	.80227
1757.052232	.80022
1758.016585	.80336
1758.980939	.80696
1759.945293	.80674
1760.909646	.80234
1761.874000	.80053
1762.838353	.80644
1763.802707	.81353
1764.767061	.81606
1765.731414	.8153
1766.695768	.81095
1767.660121	.80468
1768.624475	.80311
1769.588828	.80469
1770.553182	.80045
1771.517536	.78991
1772.481889	.78461
1773.446243	.79274
1774.410596	.80482
1775.374950	.81077
1776.339304	.81373
1777.303657	.8166
1778.268011	.81757
1779.232364	.81612
1780.196718	.81371
1781.161071	.81307
1782.125425	.81419
1783.089779	.81373
1784.054132	.81065
1785.018486	.8086
1785.982839	.81031
1786.947193	.81312
1787.911547	.81462
1788.875900	.81488
1789.840254	.81332
1790.804607	.8091
1791.768961	.80324
1792.733315	.80195
1793.697668	.80853
1794.662022	.81491
1795.626375	.81594
1796.590729	.81542
1797.555082	.81469
1798.519436	.81203
1799.483790	.80915
1800.448143	.80876
1801.412497	.81014
1802.376850	.81246
1803.341204	.81588
1804.305558	.81881
1805.269911	.82038
1806.234265	.82105
1807.198618	.82114
1808.162972	.82074
1809.127325	.81907
1810.091679	.81629
1811.056033	.81475
1812.020386	.81531
1812.984740	.81617
1813.949093	.81642
1814.913447	.81656
1815.877801	.81691
1816.842154	.81757
1817.806508	.8189
1818.770861	.82077
1819.735215	.8222
1820.699568	.82268
1821.663922	.82236
1822.628276	.82136
1823.592629	.8186
1824.556983	.81401
1825.521336	.81201
1826.485690	.81425
1827.450044	.81556
1828.414397	.81246
1829.378751	.80797
1830.343104	.80861
1831.307458	.81485
1832.271812	.82026
1833.236165	.82232
1834.200519	.82315
1835.164872	.82354
1836.129226	.82299
1837.093579	.82192
1838.057933	.82124
1839.022287	.8208
1839.986640	.82004
1840.950994	.81901
1841.915347	.81685
1842.879701	.8105
1843.844055	.80313
1844.808408	.8052
1845.772762	.81485
1846.737115	.82091
1847.701469	.8224
1848.665822	.82368
1849.630176	.82501
1850.594530	.82526
1851.558883	.82462
1852.523237	.82376
1853.487590	.82287
1854.451944	.82196
1855.416298	.82121
1856.380651	.82106
1857.345005	.82143
1858.309358	.82205
1859.273712	.82299
1860.238065	.82416
1861.202419	.82523
1862.166773	.82601
1863.131126	.82657
1864.095480	.82681
1865.059833	.82605
1866.024187	.82382
1866.988541	.8204
1867.952894	.81599
1868.917248	.81267
1869.881601	.81405
1870.845955	.81866
1871.810309	.82204
1872.774662	.82367
1873.739016	.82487
1874.703369	.82604
1875.667723	.82723
1876.632076	.82821
1877.596430	.82847
1878.560784	.82808
1879.525137	.82745
1880.489491	.82668
1881.453844	.82578
1882.418198	.82493
1883.382552	.82417
1884.346905	.82358
1885.311259	.82358
1886.275612	.82432
1887.239966	.82508
1888.204319	.82451
1889.168673	.82344
1890.133027	.82462
1891.097380	.8275
1892.061734	.82927
1893.026087	.82921
1893.990441	.82783
1894.954795	.82616
1895.919148	.82541
1896.883502	.82533
1897.847855	.82506
1898.812209	.82481
1899.776562	.82509
1900.740916	.82564
1901.705270	.82627
1902.669623	.82716
1903.633977	.82824
1904.598330	.82929
1905.562684	.83007
1906.527038	.83014
1907.491391	.82934
1908.455745	.82813
1909.420098	.82702
1910.384452	.82645
1911.348806	.82634
1912.313159	.82624
1913.277513	.82621
1914.241866	.82642
1915.206220	.82673
1916.170573	.82612
1917.134927	.82372
1918.099281	.82268
1919.063634	.82574
1920.027988	.82939
1920.992341	.83009
1921.956695	.82868
1922.921049	.82738
1923.885402	.82726
1924.849756	.82749
1925.814109	.82733
1926.778463	.82708
1927.742816	.82707
1928.707170	.82743
1929.671524	.82814
1930.635877	.82907
1931.600231	.83004
1932.564584	.83084
1933.528938	.83143
1934.493292	.83175
1935.457645	.83173
1936.421999	.83142
1937.386352	.83076
1938.350706	.82984
1939.315060	.82891
1940.279413	.82789
1941.243767	.82611
1942.208120	.82442
1943.172474	.82503
1944.136827	.82736
1945.101181	.8291
1946.065535	.83011
1947.029888	.83112
1947.994242	.83193
1948.958595	.83229
1949.922949	.83238
1950.887303	.83224
1951.851656	.83167
1952.816010	.83073
1953.780363	.82972
1954.744717	.82894
1955.709070	.82859
1956.673424	.82882
1957.637778	.82944
1958.602131	.8301
1959.566485	.83074
1960.530838	.83145
1961.495192	.8322
1962.459546	.83281
1963.423899	.83302
1964.388253	.83275
1965.352606	.83195
1966.316960	.83057
1967.281313	.82938
1968.245667	.82922
1969.210021	.82947
1970.174374	.82944
1971.138728	.82939
1972.103081	.82959
1973.067435	.83006
1974.031789	.83088
1974.996142	.83184
1975.960496	.83269
1976.924849	.83327
1977.889203	.83345
1978.853557	.83328
1979.817910	.83286
1980.782264	.83236
1981.746617	.83175
1982.710971	.83094
1983.675324	.83032
1984.639678	.8303
1985.604032	.83062
1986.568385	.83089
1987.532739	.83111
1988.497092	.83155
1989.461446	.83206
1990.425800	.83191
1991.390153	.83116
1992.354507	.8311
1993.318860	.83203
1994.283214	.83273
1995.247567	.83258
1996.211921	.83198
1997.176275	.8313
1998.140628	.83065
1999.104982	.83037
2000.069335	.83072
2001.033689	.83129
2001.998043	.83184
2002.962396	.83239
2003.926750	.8329
2004.891103	.83338
2005.855457	.83369
2006.819810	.83368
2007.784164	.83341
2008.748518	.83307
2009.712871	.83269
2010.677225	.83229
2011.641578	.83192
2012.605932	.83151
2013.570286	.83109
2014.534639	.83078
2015.498993	.83067
2016.463346	.8309
2017.427700	.8317
2018.392054	.83285
2019.356407	.83369
2020.320761	.834
2021.285114	.83403
2022.249468	.83385
2023.213821	.83343
2024.178175	.83291
2025.142529	.83238
2026.106882	.83188
2027.071236	.8315
2028.035589	.83122
2028.999943	.83113
2029.964297	.83142
2030.928650	.8321
2031.893004	.83294
2032.857357	.83348
2033.821711	.83367
2034.786064	.83365
2035.750418	.83352
2036.714772	.83343
2037.679125	.83338
2038.643479	.83311
2039.607832	.83257
2040.572186	.8319
2041.536540	.83148
2042.500893	.83145
2043.465247	.83155
2044.429600	.83176
2045.393954	.83219
2046.358308	.83271
2047.322661	.8332
2048.287015	.83367
2049.251368	.83403
2050.215722	.83409
2051.180075	.83391
2052.144429	.83377
2053.108783	.83355
2054.073136	.83306
2055.037490	.83245
2056.001843	.832
2056.966197	.83183
2057.930551	.8319
2058.894904	.83204
2059.859258	.83231
2060.823611	.83278
2061.787965	.83338
2062.752318	.83384
2063.716672	.83385
2064.681026	.83369
2065.645379	.83375
2066.609733	.83389
2067.574086	.83384
2068.538440	.83358
2069.502794	.83307
2070.467147	.83243
2071.431501	.83213
2072.395854	.83226
2073.360208	.83249
2074.324561	.83262
2075.288915	.83278
2076.253269	.83317
2077.217622	.83361
2078.181976	.83384
2079.146329	.83391
2080.110683	.83399
2081.075037	.83401
2082.039390	.83381
2083.003744	.83342
2083.968097	.83297
2084.932451	.83266
2085.896805	.8325
2086.861158	.83245
2087.825512	.83244
2088.789865	.83241
2089.754219	.83245
2090.718572	.83273
2091.682926	.83317
2092.647280	.8336
2093.611633	.83384
2094.575987	.83386
2095.540340	.83382
2096.504694	.83382
2097.469048	.83381
2098.433401	.83365
2099.397755	.83317
2100.362108	.83256
2101.326462	.83229
2102.290815	.83252
2103.255169	.83297
2104.219523	.83337
2105.183876	.83369
2106.148230	.83394
2107.112583	.83406
2108.076937	.83416
2109.041291	.83429
2110.005644	.83418
2110.969998	.83386
2111.934351	.83372
2112.898705	.83365
2113.863058	.83333
2114.827412	.83295
2115.791766	.83281
2116.756119	.83294
2117.720473	.83325
2118.684826	.83354
2119.649180	.83375
2120.613534	.83399
2121.577887	.83412
2122.542241	.83412
2123.506594	.8342
2124.470948	.83442
2125.435302	.83461
2126.399655	.83449
2127.364009	.83401
2128.328362	.83373
2129.292716	.83384
2130.257069	.83382
2131.221423	.83358
2132.185777	.83342
2133.150130	.83355
2134.114484	.83393
2135.078837	.83418
2136.043191	.83424
2137.007545	.8344
2137.971898	.83454
2138.936252	.83457
2139.900605	.8346
2140.864959	.83456
2141.829312	.83447
2142.793666	.83435
2143.758020	.83414
2144.722373	.83396
2145.686727	.83391
2146.651080	.83388
2147.615434	.83391
2148.579788	.83413
2149.544141	.83451
2150.508495	.83479
2151.472848	.83471
2152.437202	.83453
2153.401556	.8347
2154.365909	.83494
2155.330263	.8348
2156.294616	.83446
2157.258970	.8343
2158.223323	.83433
2159.187677	.83442
2160.152031	.83448
2161.116384	.83445
2162.080738	.83439
2163.045091	.83443
2164.009445	.83458
2164.973799	.83466
2165.938152	.83463
2166.902506	.83456
2167.866859	.8345
2168.831213	.8346
2169.795566	.83487
2170.759920	.83496
2171.724274	.83472
2172.688627	.83444
2173.652981	.83432
2174.617334	.83426
2175.581688	.8342
2176.546042	.83419
2177.510395	.83423
2178.474749	.83431
2179.439102	.83449
2180.403456	.83477
2181.367809	.83499
2182.332163	.83492
2183.296517	.83465
2184.260870	.83451
2185.225224	.83457
2186.189577	.83458
2187.153931	.83454
2188.118285	.83445
2189.082638	.83435
2190.046992	.83433
2191.011345	.83431
2191.975699	.83427
2192.940053	.83434
2193.904406	.83442
2194.868760	.8344
2195.833113	.83437
2196.797467	.83442
2197.761820	.83467
2198.726174	.83497
2199.690528	.83503
2200.654881	.83498
2201.619235	.83504
2202.583588	.83496
2203.547942	.83461
2204.512296	.8344
2205.476649	.83452
2206.441003	.83469
2207.405356	.83471
2208.369710	.83454
2209.334063	.83442
2210.298417	.83465
2211.262771	.83498
2212.227124	.83493
2213.191478	.83463
2214.155831	.83449
2215.120185	.83465
2216.084539	.83492
2217.048892	.83502
2218.013246	.83492
2218.977599	.83462
2219.941953	.83426
2220.906306	.83413
2221.870660	.83424
2222.835014	.83436
2223.799367	.8344
2224.763721	.83448
2225.728074	.8346
2226.692428	.83473
2227.656782	.83493
2228.621135	.83515
2229.585489	.83513
2230.549842	.83494
2231.514196	.83483
2232.478550	.83457
2233.442903	.83406
2234.407257	.83384
2235.371610	.83412
2236.335964	.83436
2237.300317	.83428
2238.264671	.83408
2239.229025	.83391
2240.193378	.83386
2241.157732	.83396
2242.122085	.83423
2243.086439	.83446
2244.050793	.83446
2245.015146	.83439
2245.979500	.83429
2246.943853	.83407
2247.908207	.83382
2248.872560	.83373
2249.836914	.83362
2250.801268	.83327
2251.765621	.83296
2252.729975	.83287
2253.694328	.83279
2254.658682	.83263
2255.623036	.83256
2256.587389	.83274
2257.551743	.833
2258.516096	.83313
2259.480450	.83313
2260.444804	.83298
2261.409157	.83265
2262.373511	.83227
2263.337864	.83191
2264.302218	.83164
2265.266571	.83145
2266.230925	.83133
2267.195279	.83135
2268.159632	.8313
2269.123986	.83106
2270.088339	.83082
2271.052693	.83092
2272.017047	.83137
2272.981400	.83174
2273.945754	.8318
2274.910107	.83174
2275.874461	.83174
2276.838814	.83177
2277.803168	.83195
2278.767522	.83221
2279.731875	.83236
2280.696229	.83245
2281.660582	.83241
2282.624936	.83226
2283.589290	.83209
2284.553643	.83199
2285.517997	.83177
2286.482350	.83116
2287.446704	.83051
2288.411057	.83007
2289.375411	.82978
2290.339765	.82933
2291.304118	.82852
2292.268472	.82751
2293.232825	.82652
2294.197179	.82557
2295.161533	.82435
2296.125886	.82302
2297.090240	.822
2298.054593	.82122
2299.018947	.82027
2299.983301	.81905
2300.947654	.81799
2301.912008	.817
2302.876361	.81575
2303.840715	.81428
2304.805068	.8126
2305.769422	.81043
2306.733776	.80768
2307.698129	.80495
2308.662483	.80236
2309.626836	.79956
2310.591190	.79646
2311.555544	.7934
2312.519897	.79078
2313.484251	.78873
2314.448604	.78725
2315.412958	.78558
2316.377311	.78331
2317.341665	.78041
2318.306019	.7767
2319.270372	.7727
2320.234726	.76861
2321.199079	.76463
2322.163433	.76128
2323.127787	.75893
2324.092140	.75768
2325.056494	.75681
2326.020847	.75537
2326.985201	.75301
2327.949554	.75008
2328.913908	.74688
2329.878262	.74384
2330.842615	.74172
2331.806969	.74105
2332.771322	.74163
2333.735676	.74281
2334.700030	.7432
2335.664383	.7414
2336.628737	.73918
2337.593090	.73849
2338.557444	.73753
2339.521798	.73524
2340.486151	.73353
2341.450505	.73329
2342.414858	.73317
2343.379212	.73268
2344.343565	.73329
2345.307919	.73704
2346.272273	.74538
2347.236626	.75827
2348.200980	.77094
2349.165333	.77474
2350.129687	.76703
2351.094041	.75412
2352.058394	.74289
2353.022748	.73403
2353.987101	.72572
2354.951455	.71862
2355.915808	.71348
2356.880162	.7091
2357.844516	.70502
2358.808869	.70231
2359.773223	.70155
2360.737576	.70188
2361.701930	.7026
2362.666284	.70407
2363.630637	.70665
2364.594991	.7103
2365.559344	.7145
2366.523698	.71886
2367.488052	.72357
2368.452405	.72867
2369.416759	.7339
2370.381112	.73917
2371.345466	.74475
2372.309819	.75077
2373.274173	.75706
2374.238527	.76356
2375.202880	.77048
2376.167234	.77784
2377.131587	.78535
2378.095941	.7928
2379.060295	.80015
2380.024648	.80723
2380.989002	.81354
2381.953355	.8187
2382.917709	.82278
2383.882062	.82589
2384.846416	.82806
2385.810770	.82947
2386.775123	.83053
2387.739477	.8314
2388.703830	.83198
2389.668184	.83247
2390.632538	.83312
2391.596891	.83377
2392.561245	.83416
2393.525598	.83434
2394.489952	.8343
2395.454305	.83396
2396.418659	.83364
2397.383013	.83361
2398.347366	.83351
2399.311720	.83318
2400.276073	.83283
2401.240427	.83251
2402.204781	.83222
2403.169134	.83203
2404.133488	.83213
2405.097841	.83253
2406.062195	.83303
2407.026549	.83349
2407.990902	.83391
2408.955256	.83416
2409.919609	.83411
2410.883963	.8339
2411.848316	.83371
2412.812670	.83347
2413.777024	.83317
2414.741377	.83277
2415.705731	.83231
2416.670084	.83202
2417.634438	.83195
2418.598792	.83195
2419.563145	.83218
2420.527499	.83269
2421.491852	.83311
2422.456206	.83335
2423.420559	.83375
2424.384913	.83434
2425.349267	.83456
2426.313620	.8342
2427.277974	.83363
2428.242327	.83316
2429.206681	.83277
2430.171035	.83232
2431.135388	.83188
2432.099742	.83163
2433.064095	.83148
2434.028449	.83147
2434.992802	.83176
2435.957156	.83223
2436.921510	.83274
2437.885863	.83333
2438.850217	.83374
2439.814570	.8338
2440.778924	.83377
2441.743278	.83366
2442.707631	.83327
2443.671985	.83263
2444.636338	.83199
2445.600692	.83158
2446.565046	.83134
2447.529399	.83105
2448.493753	.83094
2449.458106	.83125
2450.422460	.83176
2451.386813	.83231
2452.351167	.8329
2453.315521	.83339
2454.279874	.83357
2455.244228	.83347
2456.208581	.83325
2457.172935	.833
2458.137289	.83278
2459.101642	.8325
2460.065996	.83199
2461.030349	.83135
2461.994703	.83085
2462.959056	.83077
2463.923410	.83103
2464.887764	.83134
2465.852117	.83176
2466.816471	.83235
2467.780824	.8329
2468.745178	.83329
2469.709532	.83348
2470.673885	.83348
2471.638239	.83325
2472.602592	.83282
2473.566946	.83231
2474.531300	.83181
2475.495653	.83138
2476.460007	.83107
2477.424360	.83068
2478.388714	.83029
2479.353067	.83035
2480.317421	.8309
2481.281775	.83162
2482.246128	.83227
2483.210482	.83276
2484.174835	.83306
2485.139189	.83315
2486.103543	.83295
2487.067896	.8325
2488.032250	.83192
2488.996603	.83138
2489.960957	.83094
2490.925310	.83044
2491.889664	.82995
2492.854018	.82984
2493.818371	.83008
2494.782725	.83044
2495.747078	.83091
2496.711432	.83154
2497.675786	.83227
2498.640139	.8328
2499.604493	.83299
2500.568846	.8329
2501.533200	.8325
2502.497553	.83187
2503.461907	.83142
2504.426261	.83109
2505.390614	.83049
2506.354968	.8298
2507.319321	.82946
2508.283675	.82954
2509.248029	.83003
2510.212382	.8308
2511.176736	.83154
2512.141089	.83221
2513.105443	.83283
2514.069797	.83309
2515.034150	.83298
2515.998504	.8328
2516.962857	.83244
2517.927211	.83183
2518.891564	.83118
2519.855918	.83055
2520.820272	.82987
2521.784625	.82929
2522.748979	.82914
2523.713332	.82941
2524.677686	.82985
2525.642040	.83027
2526.606393	.83074
2527.570747	.83138
2528.535100	.83205
2529.499454	.83238
2530.463807	.83238
2531.428161	.83214
2532.392515	.83154
2533.356868	.8309
2534.321222	.83048
2535.285575	.83001
2536.249929	.82942
2537.214283	.82896
2538.178636	.82885
2539.142990	.82924
2540.107343	.8299
2541.071697	.83056
2542.036050	.83119
2543.000404	.83184
2543.964758	.83237
2544.929111	.8325
2545.893465	.83223
2546.857818	.83179
2547.822172	.8312
2548.786526	.83034
2549.750879	.82939
2550.715233	.8288
2551.679586	.82864
2552.643940	.82867
2553.608294	.82891
2554.572647	.82954
2555.537001	.83029
2556.501354	.83076
2557.465708	.83115
2558.430061	.83181
2559.394415	.83243
2560.358769	.8325
2561.323122	.83212
2562.287476	.83159
2563.251829	.83087
2564.216183	.83006
2565.180537	.82936
2566.144890	.82885
2567.109244	.82857
2568.073597	.82843
2569.037951	.82842
2570.002304	.82884
2570.966658	.82974
2571.931012	.8308
2572.895365	.83166
2573.859719	.83205
2574.824072	.83199
2575.788426	.83176
2576.752780	.83143
2577.717133	.83088
2578.681487	.83016
2579.645840	.82943
2580.610194	.82881
2581.574547	.8284
2582.538901	.82833
2583.503255	.82861
2584.467608	.82899
2585.431962	.82933
2586.396315	.8299
2587.360669	.83074
2588.325023	.83147
2589.289376	.83179
2590.253730	.83169
2591.218083	.83136
2592.182437	.83084
2593.146791	.83004
2594.111144	.82916
2595.075498	.82839
2596.039851	.82782
2597.004205	.82754
2597.968558	.82765
2598.932912	.82814
2599.897266	.82876
2600.861619	.82935
2601.825973	.83003
2602.790326	.8308
2603.754680	.83133
2604.719034	.83146
2605.683387	.83121
2606.647741	.83069
2607.612094	.83007
2608.576448	.82937
2609.540801	.82866
2610.505155	.82794
2611.469509	.8273
2612.433862	.8271
2613.398216	.82741
2614.362569	.82781
2615.326923	.82828
2616.291277	.82916
2617.255630	.83023
2618.219984	.83091
2619.184337	.83104
2620.148691	.83088
2621.113045	.83065
2622.077398	.83029
2623.041752	.82973
2624.006105	.82909
2624.970459	.82847
2625.934812	.82781
2626.899166	.82727
2627.863520	.82718
2628.827873	.82755
2629.792227	.82807
2630.756580	.82843
2631.720934	.82887
2632.685288	.82961
2633.649641	.83031
2634.613995	.83063
2635.578348	.83064
2636.542702	.8304
2637.507055	.82981
2638.471409	.82896
2639.435763	.82807
2640.400116	.82734
2641.364470	.82686
2642.328823	.82657
2643.293177	.82642
2644.257531	.82659
2645.221884	.82719
2646.186238	.82816
2647.150591	.82909
2648.114945	.82962
2649.079298	.82991
2650.043652	.83012
2651.008006	.83008
2651.972359	.8296
2652.936713	.8289
2653.901066	.82821
2654.865420	.82759
2655.829774	.82693
2656.794127	.82623
2657.758481	.82585
2658.722834	.82614
2659.687188	.82687
2660.651542	.82763
2661.615895	.82828
2662.580249	.82881
2663.544602	.82923
2664.508956	.82955
2665.473309	.82965
2666.437663	.82937
2667.402017	.82885
2668.366370	.82819
2669.330724	.82746
2670.295077	.82675
2671.259431	.82614
2672.223785	.8256
2673.188138	.82532
2674.152492	.82546
2675.116845	.826
2676.081199	.82679
2677.045552	.82763
2678.009906	.82838
2678.974260	.82901
2679.938613	.82948
2680.902967	.82948
2681.867320	.82895
2682.831674	.8283
2683.796028	.8277
2684.760381	.82695
2685.724735	.82617
2686.689088	.82571
2687.653442	.82549
2688.617795	.82548
2689.582149	.82586
2690.546503	.82664
2691.510856	.82746
2692.475210	.82811
2693.439563	.82879
2694.403917	.82946
2695.368271	.82956
2696.332624	.82917
2697.296978	.82868
2698.261331	.82802
2699.225685	.82719
2700.190039	.82654
2701.154392	.82598
2702.118746	.82539
2703.083099	.82521
2704.047453	.82557
2705.011806	.82616
2705.976160	.8267
2706.940514	.82715
2707.904867	.8277
2708.869221	.8284
2709.833574	.82908
2710.797928	.82943
2711.762282	.82919
2712.726635	.82856
2713.690989	.82796
2714.655342	.82736
2715.619696	.82664
2716.584049	.82589
2717.548403	.82528
2718.512757	.82504
2719.477110	.82519
2720.441464	.82565
2721.405817	.8264
2722.370171	.82726
2723.334525	.82807
2724.298878	.82879
2725.263232	.82916
2726.227585	.82911
2727.191939	.82875
2728.156293	.8282
2729.120646	.82753
2730.085000	.82674
2731.049353	.82595
2732.013707	.82539
2732.978060	.82508
2733.942414	.82493
2734.906768	.82518
2735.871121	.82587
2736.835475	.82653
2737.799828	.8271
2738.764182	.82798
2739.728536	.82881
2740.692889	.82898
2741.657243	.82874
2742.621596	.8284
2743.585950	.82789
2744.550303	.82717
2745.514657	.82628
2746.479011	.8255
2747.443364	.8249
2748.407718	.82438
2749.372071	.82417
2750.336425	.82459
2751.300779	.82546
2752.265132	.82642
2753.229486	.82723
2754.193839	.82798
2755.158193	.82867
2756.122546	.82898
2757.086900	.82873
2758.051254	.82798
2759.015607	.82706
2759.979961	.82631
2760.944314	.82566
2761.908668	.82487
2762.873022	.82417
2763.837375	.82406
2764.801729	.82463
2765.766082	.82544
2766.730436	.82611
2767.694790	.82674
2768.659143	.82746
2769.623497	.82811
2770.587850	.82857
2771.552204	.82878
2772.516557	.82852
2773.480911	.82777
2774.445265	.82685
2775.409618	.82586
2776.373972	.82492
2777.338325	.8243
2778.302679	.82394
2779.267033	.82379
2780.231386	.82398
2781.195740	.82444
2782.160093	.82521
2783.124447	.82631
2784.088800	.8273
2785.053154	.82789
2786.017508	.82829
2786.981861	.82844
2787.946215	.82807
2788.910568	.8272
2789.874922	.8261
2790.839276	.82524
2791.803629	.82462
2792.767983	.82399
2793.732336	.82357
2794.696690	.82373
2795.661043	.82428
2796.625397	.82475
2797.589751	.82522
2798.554104	.82596
2799.518458	.82699
2800.482811	.82791
2801.447165	.82825
2802.411519	.82806
2803.375872	.82756
2804.340226	.82676
2805.304579	.82585
2806.268933	.82502
2807.233287	.82414
2808.197640	.82313
2809.161994	.8225
2810.126347	.82277
2811.090701	.82375
2812.055054	.82487
2813.019408	.82565
2813.983762	.82629
2814.948115	.82711
2815.912469	.82765
2816.876822	.8276
2817.841176	.82732
2818.805530	.82693
2819.769883	.8261
2820.734237	.82483
2821.698590	.8236
2822.662944	.82278
2823.627297	.82228
2824.591651	.82209
2825.556005	.8222
2826.520358	.82262
2827.484712	.82344
2828.449065	.82441
2829.413419	.82527
2830.377773	.82602
2831.342126	.82643
2832.306480	.82632
2833.270833	.82583
2834.235187	.82506
2835.199541	.8241
2836.163894	.82294
2837.128248	.82153
2838.092601	.82021
2839.056955	.81941
2840.021308	.81911
2840.985662	.81914
2841.950016	.81937
2842.914369	.81977
2843.878723	.82037
2844.843076	.82089
2845.807430	.82081
2846.771784	.82001
2847.736137	.81883
2848.700491	.8176
2849.664844	.8165
2850.629198	.81542
2851.593551	.81433
2852.557905	.81352
2853.522259	.81328
2854.486612	.81352
2855.450966	.81406
2856.415319	.81508
2857.379673	.8166
2858.344027	.81814
2859.308380	.81938
2860.272734	.82048
2861.237087	.8217
2862.201441	.82284
2863.165794	.82342
2864.130148	.82313
2865.094502	.82213
2866.058855	.82087
2867.023209	.81969
2867.987562	.81877
2868.951916	.81829
2869.916270	.81822
2870.880623	.81857
2871.844977	.81935
2872.809330	.82033
2873.773684	.82131
2874.738038	.82234
2875.702391	.82327
2876.666745	.82393
2877.631098	.82435
2878.595452	.82415
2879.559805	.82313
2880.524159	.82191
2881.488513	.82096
2882.452866	.82003
2883.417220	.81898
2884.381573	.81826
2885.345927	.81817
2886.310281	.81837
2887.274634	.81884
2888.238988	.81969
2889.203341	.82072
2890.167695	.82165
2891.132048	.82221
2892.096402	.82227
2893.060756	.82209
2894.025109	.8218
2894.989463	.82115
2895.953816	.82005
2896.918170	.81882
2897.882524	.81762
2898.846877	.81652
2899.811231	.81575
2900.775584	.81557
2901.739938	.81593
2902.704291	.81645
2903.668645	.81706
2904.632999	.81785
2905.597352	.81866
2906.561706	.81924
2907.526059	.81933
2908.490413	.81875
2909.454767	.81755
2910.419120	.81599
2911.383474	.81444
2912.347827	.81281
2913.312181	.81096
2914.276535	.80914
2915.240888	.80781
2916.205242	.80713
2917.169595	.80699
2918.133949	.80745
2919.098302	.80867
2920.062656	.81015
2921.027010	.81115
2921.991363	.81166
2922.955717	.81209
2923.920070	.81237
2924.884424	.8121
2925.848778	.81143
2926.813131	.81086
2927.777485	.81035
2928.741838	.80981
2929.706192	.80964
2930.670545	.81021
2931.634899	.81136
2932.599253	.81264
2933.563606	.81397
2934.527960	.81555
2935.492313	.81732
2936.456667	.81886
2937.421021	.81989
2938.385374	.82032
2939.349728	.82027
2940.314081	.81992
2941.278435	.81934
2942.242789	.81871
2943.207142	.8182
2944.171496	.81766
2945.135849	.81706
2946.100203	.81685
2947.064556	.81744
2948.028910	.81852
2948.993264	.81948
2949.957617	.82032
2950.921971	.82117
2951.886324	.82189
2952.850678	.82226
2953.815032	.82215
2954.779385	.82156
2955.743739	.82081
2956.708092	.82
2957.672446	.81905
2958.636799	.81821
2959.601153	.81768
2960.565507	.81741
2961.529860	.81759
2962.494214	.81842
2963.458567	.8194
2964.422921	.8203
2965.387275	.82134
2966.351628	.82237
2967.315982	.82327
2968.280335	.82418
2969.244689	.82476
2970.209042	.82449
2971.173396	.82353
2972.137750	.82252
2973.102103	.82179
2974.066457	.82121
2975.030810	.82072
2975.995164	.82048
2976.959518	.82064
2977.923871	.82107
2978.888225	.82167
2979.852578	.82251
2980.816932	.82359
2981.781286	.82473
2982.745639	.82568
2983.709993	.82624
2984.674346	.82622
2985.638700	.82561
2986.603053	.82476
2987.567407	.82386
2988.531761	.82278
2989.496114	.82176
2990.460468	.82119
2991.424821	.82119
2992.389175	.82163
2993.353529	.82226
2994.317882	.82294
2995.282236	.82372
2996.246589	.82455
2997.210943	.82532
2998.175296	.82581
2999.139650	.82583
3000.104004	.82551
3001.068357	.82508
3002.032711	.82449
3002.997064	.82349
3003.961418	.82229
3004.925772	.82158
3005.890125	.82139
3006.854479	.82138
3007.818832	.82149
3008.783186	.82168
3009.747539	.8223
3010.711893	.82347
3011.676247	.82457
3012.640600	.82535
3013.604954	.82596
3014.569307	.82624
3015.533661	.82601
3016.498015	.82545
3017.462368	.82467
3018.426722	.82367
3019.391075	.8228
3020.355429	.82209
3021.319783	.82142
3022.284136	.8212
3023.248490	.82156
3024.212843	.82222
3025.177197	.82316
3026.141550	.82435
3027.105904	.82547
3028.070258	.82625
3029.034611	.82661
3029.998965	.82647
3030.963318	.82592
3031.927672	.82515
3032.892026	.82416
3033.856379	.82303
3034.820733	.82215
3035.785086	.82164
3036.749440	.82125
3037.713793	.82109
3038.678147	.82139
3039.642501	.82203
3040.606854	.82289
3041.571208	.82391
3042.535561	.8249
3043.499915	.82578
3044.464269	.82648
3045.428622	.82691
3046.392976	.82677
3047.357329	.82582
3048.321683	.82443
3049.286037	.82319
3050.250390	.82242
3051.214744	.82205
3052.179097	.82174
3053.143451	.82153
3054.107804	.82175
3055.072158	.82241
3056.036512	.82323
3057.000865	.82407
3057.965219	.82502
3058.929572	.82596
3059.893926	.82641
3060.858280	.82628
3061.822633	.82576
3062.786987	.8249
3063.751340	.82386
3064.715694	.82276
3065.680047	.82168
3066.644401	.8209
3067.608755	.82051
3068.573108	.8206
3069.537462	.82132
3070.501815	.82238
3071.466169	.82342
3072.430523	.82454
3073.394876	.82568
3074.359230	.82641
3075.323583	.82647
3076.287937	.82602
3077.252290	.82538
3078.216644	.82456
3079.180998	.8234
3080.145351	.82217
3081.109705	.82127
3082.074058	.8207
3083.038412	.82042
3084.002766	.82057
3084.967119	.82122
3085.931473	.8222
3086.895826	.8234
3087.860180	.82472
3088.824534	.82567
3089.788887	.82612
3090.753241	.8265
3091.717594	.82664
3092.681948	.82596
3093.646301	.82466
3094.610655	.82323
3095.575009	.82191
3096.539362	.82097
3097.503716	.82057
3098.468069	.8205
3099.432423	.82068
3100.396777	.82122
3101.361130	.82212
3102.325484	.82331
3103.289837	.82464
3104.254191	.82576
3105.218544	.82638
3106.182898	.8263
3107.147252	.82557
3108.111605	.82459
3109.075959	.82369
3110.040312	.82291
3111.004666	.82198
3111.969020	.82093
3112.933373	.8203
3113.897727	.82029
3114.862080	.82075
3115.826434	.82152
3116.790787	.82238
3117.755141	.8231
3118.719495	.82381
3119.683848	.82471
3120.648202	.82558
3121.612555	.8259
3122.576909	.82552
3123.541263	.82468
3124.505616	.82358
3125.469970	.82241
3126.434323	.82144
3127.398677	.82077
3128.363031	.82047
3129.327384	.82064
3130.291738	.82117
3131.256091	.82181
3132.220445	.82266
3133.184798	.82377
3134.149152	.82471
3135.113506	.82522
3136.077859	.82546
3137.042213	.8256
3138.006566	.82549
3138.970920	.82478
3139.935274	.82368
3140.899627	.82264
3141.863981	.82166
3142.828334	.8208
3143.792688	.82033
3144.757041	.82042
3145.721395	.82104
3146.685749	.82195
3147.650102	.82295
3148.614456	.82402
3149.578809	.82494
3150.543163	.82544
3151.507517	.82557
3152.471870	.82549
3153.436224	.82525
3154.400577	.82471
3155.364931	.82375
3156.329284	.82258
3157.293638	.82148
3158.257992	.82062
3159.222345	.82029
3160.186699	.82039
3161.151052	.82066
3162.115406	.82132
3163.079760	.82235
3164.044113	.82354
3165.008467	.82475
3165.972820	.82558
3166.937174	.82582
3167.901528	.82552
3168.865881	.8247
3169.830235	.82357
3170.794588	.82257
3171.758942	.82167
3172.723295	.82066
3173.687649	.81985
3174.652003	.81964
3175.616356	.82012
3176.580710	.82095
3177.545063	.8216
3178.509417	.82223
3179.473771	.82331
3180.438124	.8245
3181.402478	.82523
3182.366831	.82552
3183.331185	.82541
3184.295538	.82467
3185.259892	.82356
3186.224246	.82269
3187.188599	.82193
3188.152953	.82086
3189.117306	.81991
3190.081660	.81951
3191.046014	.81956
3192.010367	.82003
3192.974721	.82104
3193.939074	.82234
3194.903428	.82359
3195.867782	.82464
3196.832135	.82524
3197.796489	.82531
3198.760842	.82502
3199.725196	.82428
3200.689549	.82322
3201.653903	.82221
3202.618257	.82121
3203.582610	.82021
3204.546964	.81957
3205.511317	.81954
3206.475671	.81988
3207.440025	.82028
3208.404378	.82093
3209.368732	.82213
3210.333085	.82352
3211.297439	.82447
3212.261792	.82481
3213.226146	.8248
3214.190500	.82451
3215.154853	.82387
3216.119207	.82302
3217.083560	.82216
3218.047914	.82121
3219.012268	.82016
3219.976621	.81949
3220.940975	.81946
3221.905328	.81984
3222.869682	.82056
3223.834035	.82163
3224.798389	.82278
3225.762743	.8238
3226.727096	.82456
3227.691450	.82501
3228.655803	.82514
3229.620157	.8248
3230.584511	.82386
3231.548864	.82259
3232.513218	.82136
3233.477571	.82044
3234.441925	.81988
3235.406279	.81942
3236.370632	.81912
3237.334986	.81948
3238.299339	.82047
3239.263693	.82153
3240.228046	.8224
3241.192400	.82331
3242.156754	.82434
3243.121107	.82479
3244.085461	.8244
3245.049814	.82379
3246.014168	.82332
3246.978522	.82267
3247.942875	.82154
3248.907229	.82039
3249.871582	.81968
3250.835936	.81913
3251.800289	.81892
3252.764643	.81952
3253.728997	.82058
3254.693350	.8216
3255.657704	.82257
3256.622057	.82346
3257.586411	.82422
3258.550765	.82473
3259.515118	.8247
3260.479472	.82426
3261.443825	.82363
3262.408179	.82267
3263.372532	.82138
3264.336886	.82016
3265.301240	.81953
3266.265593	.8196
3267.229947	.81991
3268.194300	.82008
3269.158654	.8204
3270.123008	.82115
3271.087361	.82235
3272.051715	.82348
3273.016068	.82397
3273.980422	.82411
3274.944776	.82413
3275.909129	.82374
3276.873483	.82286
3277.837836	.8217
3278.802190	.82061
3279.766543	.81979
3280.730897	.81908
3281.695251	.8186
3282.659604	.8188
3283.623958	.81968
3284.588311	.82075
3285.552665	.82176
3286.517019	.82279
3287.481372	.82377
3288.445726	.82458
3289.410079	.82505
3290.374433	.8248
3291.338786	.82397
3292.303140	.82286
3293.267494	.82152
3294.231847	.82031
3295.196201	.81963
3296.160554	.81923
3297.124908	.81888
3298.089262	.81871
3299.053615	.81916
3300.017969	.82034
3300.982322	.82151
3301.946676	.82241
3302.911030	.82318
3303.875383	.82364
3304.839737	.8239
3305.804090	.82407
3306.768444	.82384
3307.732797	.8229
3308.697151	.82162
3309.661505	.82082
3310.625858	.82037
3311.590212	.81967
3312.554565	.81908
3313.518919	.81909
3314.483273	.81966
3315.447626	.82069
3316.411980	.82198
3317.376333	.82323
3318.340687	.82428
3319.305040	.82492
3320.269394	.82494
3321.233748	.82439
3322.198101	.82367
3323.162455	.82285
3324.126808	.82168
3325.091162	.82037
3326.055516	.81953
3327.019869	.81923
3327.984223	.8191
3328.948576	.81925
3329.912930	.81988
3330.877283	.82088
3331.841637	.82201
3332.805991	.82292
3333.770344	.82338
3334.734698	.82369
3335.699051	.82402
3336.663405	.82399
3337.627759	.82333
3338.592112	.82262
3339.556466	.82216
3340.520819	.82132
3341.485173	.8202
3342.449527	.81956
3343.413880	.8195
3344.378234	.8199
3345.342587	.82069
3346.306941	.82158
3347.271294	.82231
3348.235648	.82301
3349.200002	.82365
3350.164355	.82416
3351.128709	.82464
3352.093062	.82476
3353.057416	.82413
3354.021770	.82307
3354.986123	.82213
3355.950477	.82116
3356.914830	.81969
3357.879184	.81857
3358.843537	.81872
3359.807891	.81944
3360.772245	.81998
3361.736598	.82077
3362.700952	.82209
3363.665305	.8234
3364.629659	.82418
3365.594013	.82437
3366.558366	.82422
3367.522720	.82394
3368.487073	.82326
3369.451427	.82229
3370.415780	.8216
3371.380134	.82102
3372.344488	.82016
3373.308841	.81937
3374.273195	.81913
3375.237548	.81954
3376.201902	.82027
3377.166256	.821
3378.130609	.82197
3379.094963	.82321
3380.059316	.82408
3381.023670	.82441
3381.988024	.82457
3382.952377	.82443
3383.916731	.82356
3384.881084	.82223
3385.845438	.82121
3386.809791	.82061
3387.774145	.82008
3388.738499	.81963
3389.702852	.81922
3390.667206	.81886
3391.631559	.8192
3392.595913	.82053
3393.560267	.82203
3394.524620	.82304
3395.488974	.82388
3396.453327	.82473
3397.417681	.82512
3398.382034	.82479
3399.346388	.82373
3400.310742	.82233
3401.275095	.82118
3402.239449	.82021
3403.203802	.81931
3404.168156	.81885
3405.132510	.81896
3406.096863	.81955
3407.061217	.82052
3408.025570	.82145
3408.989924	.82222
3409.954278	.82328
3410.918631	.82445
3411.882985	.82507
3412.847338	.82513
3413.811692	.82493
3414.776045	.82428
3415.740399	.82304
3416.704753	.82157
3417.669106	.82025
3418.633460	.81923
3419.597813	.81852
3420.562167	.81834
3421.526521	.81892
3422.490874	.82001
3423.455228	.82112
3424.419581	.82212
3425.383935	.8232
3426.348288	.82431
3427.312642	.82501
3428.276996	.825
3429.241349	.8244
3430.205703	.82348
3431.170056	.82254
3432.134410	.8216
3433.098764	.82036
3434.063117	.81917
3435.027471	.81878
3435.991824	.81908
3436.956178	.81968
3437.920531	.82062
3438.884885	.82175
3439.849239	.8228
3440.813592	.82361
3441.777946	.82403
3442.742299	.82418
3443.706653	.82423
3444.671007	.82384
3445.635360	.82268
3446.599714	.82112
3447.564067	.81997
3448.528421	.81955
3449.492775	.81949
3450.457128	.81946
3451.421482	.81964
3452.385835	.8202
3453.350189	.82093
3454.314542	.82185
3455.278896	.82308
3456.243250	.82407
3457.207603	.82452
3458.171957	.82473
3459.136310	.82472
3460.100664	.82425
3461.065018	.82337
3462.029371	.82232
3462.993725	.82128
3463.958078	.82013
3464.922432	.81896
3465.886785	.81833
3466.851139	.81844
3467.815493	.81913
3468.779846	.82023
3469.744200	.82153
3470.708553	.8229
3471.672907	.82429
3472.637261	.8253
3473.601614	.82536
3474.565968	.82477
3475.530321	.82424
3476.494675	.8236
3477.459028	.82254
3478.423382	.82133
3479.387736	.82023
3480.352089	.81934
3481.316443	.81882
3482.280796	.81906
3483.245150	.82017
3484.209504	.82142
3485.173857	.82218
3486.138211	.82274
3487.102564	.82334
3488.066918	.82399
3489.031272	.8247
3489.995625	.82503
3490.959979	.82465
3491.924332	.82398
3492.888686	.82311
3493.853039	.82172
3494.817393	.82022
3495.781747	.81926
3496.746100	.81894
3497.710454	.81925
3498.674807	.82012
3499.639161	.82127
3500.603515	.82219
3501.567868	.82248
3502.532222	.82242
3503.496575	.82268
3504.460929	.82366
3505.425282	.82468
3506.389636	.82452
3507.353990	.82312
3508.318343	.82133
3509.282697	.81987
3510.247050	.81919
3511.211404	.81915
3512.175758	.81934
3513.140111	.81966
3514.104465	.82037
3515.068818	.82142
3516.033172	.82238
3516.997526	.82314
3517.961879	.82382
3518.926233	.82441
3519.890586	.82483
3520.854940	.8246
3521.819293	.82326
3522.783647	.82142
3523.748001	.82014
3524.712354	.81947
3525.676708	.81887
3526.641061	.81811
3527.605415	.81749
3528.569769	.81762
3529.534122	.81866
3530.498476	.82015
3531.462829	.82175
3532.427183	.82323
3533.391536	.82427
3534.355890	.82473
3535.320244	.82451
3536.284597	.82399
3537.248951	.82364
3538.213304	.82314
3539.177658	.82221
3540.142012	.82122
3541.106365	.82032
3542.070719	.81933
3543.035072	.81822
3543.999426	.81704
3544.963779	.81633
3545.928133	.81672
3546.892487	.81797
3547.856840	.82005
3548.821194	.82261
3549.785547	.82413
3550.749901	.82387
3551.714255	.82268
3552.678608	.82208
3553.642962	.82211
3554.607315	.82167
3555.571669	.82076
3556.536023	.82012
3557.500376	.81981
3558.464730	.81937
3559.429083	.81892
3560.393437	.81939
3561.357790	.82056
3562.322144	.82114
3563.286498	.82099
3564.250851	.82037
3565.215205	.81829
3566.179558	.815
3567.143912	.81254
3568.108266	.81283
3569.072619	.81601
3570.036973	.81908
3571.001326	.81996
3571.965680	.81973
3572.930033	.81932
3573.894387	.81887
3574.858741	.81896
3575.823094	.81974
3576.787448	.82067
3577.751801	.82152
3578.716155	.82213
3579.680509	.82248
3580.644862	.823
3581.609216	.8236
3582.573569	.82356
3583.537923	.82233
3584.502276	.81957
3585.466630	.81478
3586.430984	.80941
3587.395337	.80595
3588.359691	.80543
3589.324044	.80862
3590.288398	.81369
3591.252752	.81664
3592.217105	.81699
3593.181459	.8167
3594.145812	.81642
3595.110166	.81631
3596.074520	.8173
3597.038873	.81873
3598.003227	.8189
3598.967580	.81798
3599.931934	.81669
3600.896287	.81583
3601.860641	.81598
3602.824995	.81638
3603.789348	.81649
3604.753702	.81617
3605.718055	.81461
3606.682409	.81215
3607.646763	.80962
3608.611116	.80723
3609.575470	.80848
3610.539823	.81373
3611.504177	.81578
3612.468530	.8141
3613.432884	.81444
3614.397238	.8165
3615.361591	.81752
3616.325945	.81621
3617.290298	.81199
3618.254652	.80628
3619.219006	.80208
3620.183359	.8033
3621.147713	.80919
3622.112066	.81408
3623.076420	.81625
3624.040774	.81737
3625.005127	.81771
3625.969481	.81614
3626.933834	.80958
3627.898188	.7969
3628.862541	.7871
3629.826895	.79133
3630.791249	.80503
3631.755602	.81461
3632.719956	.81564
3633.684309	.81363
3634.648663	.8139
3635.613017	.81612
3636.577370	.81771
3637.541724	.8182
3638.506077	.81882
3639.470431	.82032
3640.434784	.82184
3641.399138	.82243
3642.363492	.82282
3643.327845	.8235
3644.292199	.82305
3645.256552	.81938
3646.220906	.81194
3647.185260	.80335
3648.149613	.79539
3649.113967	.78927
3650.078320	.78944
3651.042674	.79722
3652.007027	.80803
3652.971381	.81652
3653.935735	.81906
3654.900088	.81487
3655.864442	.80881
3656.828795	.80992
3657.793149	.81777
3658.757503	.82326
3659.721856	.82439
3660.686210	.82447
3661.650563	.82441
3662.614917	.8236
3663.579271	.82227
3664.543624	.821
3665.507978	.81991
3666.472331	.81819
3667.436685	.81371
3668.401038	.80657
3669.365392	.7986
3670.329746	.7935
3671.294099	.79889
3672.258453	.81105
3673.222806	.81421
3674.187160	.80275
3675.151514	.78836
3676.115867	.78778
3677.080221	.80108
3678.044574	.8123
3679.008928	.8149
3679.973281	.81513
3680.937635	.81692
3681.901989	.81856
3682.866342	.81898
3683.830696	.81913
3684.795049	.81938
3685.759403	.81821
3686.723757	.81097
3687.688110	.79729
3688.652464	.79098
3689.616817	.7982
3690.581171	.80532
3691.545524	.80841
3692.509878	.81317
3693.474232	.81684
3694.438585	.81714
3695.402939	.81651
3696.367292	.81613
3697.331646	.81605
3698.296000	.81616
3699.260353	.81592
3700.224707	.81371
3701.189060	.81004
3702.153414	.8099
3703.117768	.8146
3704.082121	.81868
3705.046475	.81976
3706.010828	.81959
3706.975182	.81818
3707.939535	.81387
3708.903889	.80779
3709.868243	.80364
3710.832596	.79911
3711.796950	.79348
3712.761303	.7964
3713.725657	.80761
3714.690011	.81573
3715.654364	.8187
3716.618718	.81983
3717.583071	.81927
3718.547425	.81771
3719.511778	.81712
3720.476132	.81652
3721.440486	.81361
3722.404839	.81075
3723.369193	.81082
3724.333546	.81088
3725.297900	.80817
3726.262254	.80523
3727.226607	.8061
3728.190961	.8099
3729.155314	.81203
3730.119668	.80941
3731.084022	.80169
3732.048375	.79562
3733.012729	.79757
3733.977082	.80031
3734.941436	.79739
3735.905789	.7943
3736.870143	.79703
3737.834497	.80454
3738.798850	.81158
3739.763204	.81453
3740.727557	.81403
3741.691911	.8116
3742.656265	.80183
3743.620618	.7797
3744.584972	.76505
3745.549325	.77916
3746.513679	.80205
3747.478032	.80757
3748.442386	.79582
3749.406740	.78578
3750.371093	.78794
3751.335447	.7888
3752.299800	.78772
3753.264154	.79873
3754.228508	.81322
3755.192861	.81768
3756.157215	.81545
3757.121568	.81389
3758.085922	.8131
3759.050275	.81061
3760.014629	.81027
3760.978983	.81491
3761.943336	.81969
3762.907690	.8214
3763.872043	.82059
3764.836397	.81787
3765.800751	.81652
3766.765104	.81886
3767.729458	.82023
3768.693811	.81616
3769.658165	.81088
3770.622519	.81153
3771.586872	.81649
3772.551226	.81976
3773.515579	.82063
3774.479933	.82084
3775.444286	.8209
3776.408640	.82059
3777.372994	.81936
3778.337347	.8169
3779.301701	.81535
3780.266054	.81756
3781.230408	.82173
3782.194762	.8241
3783.159115	.82385
3784.123469	.82221
3785.087822	.8212
3786.052176	.82128
3787.016529	.82126
3787.980883	.82078
3788.945237	.82028
3789.909590	.82006
3790.873944	.82038
3791.838297	.82122
3792.802651	.82197
3793.767005	.82199
3794.731358	.8201
3795.695712	.81641
3796.660065	.815
3797.624419	.81796
3798.588772	.82021
3799.553126	.8143
3800.517480	.79907
3801.481833	.78856
3802.446187	.7957
3803.410540	.8096
3804.374894	.81559
3805.339248	.81103
3806.303601	.80076
3807.267955	.79796
3808.232308	.80799
3809.196662	.81896
3810.161016	.82336
3811.125369	.82446
3812.089723	.82491
3813.054076	.82403
3814.018430	.81844
3814.982783	.80481
3815.947137	.79312
3816.911491	.79794
3817.875844	.81051
3818.840198	.81335
3819.804551	.80438
3820.768905	.79357
3821.733259	.79324
3822.697612	.80429
3823.661966	.81545
3824.626319	.81998
3825.590673	.81942
3826.555026	.8182
3827.519380	.81964
3828.483734	.82229
3829.448087	.82219
3830.412441	.81757
3831.376794	.81223
3832.341148	.81197
3833.305502	.81321
3834.269855	.80977
3835.234209	.80577
3836.198562	.80157
3837.162916	.79214
3838.127269	.78801
3839.091623	.7972
3840.055977	.80701
3841.020330	.81185
3841.984684	.81572
3842.949037	.81696
3843.913391	.81668
3844.877745	.81919
3845.842098	.8225
3846.806452	.82319
3847.770805	.82183
3848.735159	.81946
3849.699513	.81512
3850.663866	.80515
3851.628220	.78975
3852.592573	.77382
3853.556927	.76159
3854.521280	.76634
3855.485634	.79069
3856.449988	.8113
3857.414341	.81817
3858.378695	.82062
3859.343048	.8224
3860.307402	.821
3861.271756	.81703
3862.236109	.81448
3863.200463	.81247
3864.164816	.80737
3865.129170	.8043
3866.093523	.80873
3867.057877	.814
3868.022231	.81135
3868.986584	.80148
3869.950938	.79563
3870.915291	.80252
3871.879645	.81336
3872.843999	.81656
3873.808352	.81448
3874.772706	.81533
3875.737059	.81979
3876.701413	.82272
3877.665767	.82219
3878.630120	.81813
3879.594474	.81148
3880.558827	.80799
3881.523181	.81081
3882.487534	.81457
3883.451888	.81394
3884.416242	.80813
3885.380595	.80196
3886.344949	.80458
3887.309302	.81457
3888.273656	.82142
3889.238010	.82128
3890.202363	.8157
3891.166717	.8105
3892.131070	.81242
3893.095424	.81818
3894.059777	.82096
3895.024131	.82108
3895.988485	.82069
3896.952838	.81884
3897.917192	.81395
3898.881545	.80815
3899.845899	.80633
3900.810253	.80707
3901.774606	.80694
3902.738960	.807
3903.703313	.80722
3904.667667	.80935
3905.632020	.81497
3906.596374	.82031
3907.560728	.82302
3908.525081	.82383
3909.489435	.82322
3910.453788	.82196
3911.418142	.82122
3912.382496	.821
3913.346849	.82074
3914.311203	.82024
3915.275556	.81872
3916.239910	.816
3917.204264	.81484
3918.168617	.81695
3919.132971	.81919
3920.097324	.82009
3921.061678	.82186
3922.026031	.82345
3922.990385	.82265
3923.954739	.8206
3924.919092	.81932
3925.883446	.81956
3926.847799	.82028
3927.812153	.82007
3928.776507	.81908
3929.740860	.81832
3930.705214	.81763
3931.669567	.81685
3932.633921	.81744
3933.598274	.81991
3934.562628	.82234
3935.526982	.82373
3936.491335	.82464
3937.455689	.82501
3938.420042	.82461
3939.384396	.82372
3940.348750	.8225
3941.313103	.82051
3942.277457	.81815
3943.241810	.81744
3944.206164	.81861
3945.170517	.81976
3946.134871	.81987
3947.099225	.81938
3948.063578	.81952
3949.027932	.82041
3949.992285	.82138
3950.956639	.82243
3951.920993	.8233
3952.885346	.82368
3953.849700	.82411
3954.814053	.82441
3955.778407	.82359
3956.742761	.82196
3957.707114	.82082
3958.671468	.8204
3959.635821	.81987
3960.600175	.81931
3961.564528	.81974
3962.528882	.82097
3963.493236	.82211
3964.457589	.8232
3965.421943	.82427
3966.386296	.82498
3967.350650	.82523
3968.315004	.82482
3969.279357	.82394
3970.243711	.8233
3971.208064	.82282
3972.172418	.82197
3973.136771	.82095
3974.101125	.82029
3975.065479	.82028
3976.029832	.82068
3976.994186	.82143
3977.958539	.82242
3978.922893	.82304
3979.887247	.82321
3980.851600	.82351
3981.815954	.82418
3982.780307	.82496
3983.744661	.8253
3984.709015	.82483
3985.673368	.82389
3986.637722	.82313
3987.602075	.82259
3988.566429	.82165
3989.530782	.82028
3990.495136	.81958
3991.459490	.82029
3992.423843	.82159
3993.388197	.82216
3994.352550	.82216
3995.316904	.82265
3996.281258	.8236
3997.245611	.82458
3998.209965	.82534
3999.174318	.82532
4000.138672	.82456
