499.535156	.21922
500.499510	.21766
501.463863	.21712
502.428217	.21601
503.392571	.21412
504.356924	.21273
505.321278	.21192
506.285631	.21115
507.249985	.21015
508.214339	.20797
509.178692	.2058
510.143046	.20562
511.107399	.20533
512.071753	.20328
513.036106	.20147
514.000460	.20112
514.964814	.20045
515.929167	.19835
516.893521	.19678
517.857874	.19558
518.822228	.19321
519.786582	.19161
520.750935	.1917
521.715289	.1925
522.679642	.19331
523.643996	.19249
524.608349	.19038
525.572703	.18914
526.537057	.18846
527.501410	.18723
528.465764	.1861
529.430117	.18538
530.394471	.18461
531.358825	.18445
532.323178	.18474
533.287532	.18375
534.251885	.18228
535.216239	.18215
536.180593	.18209
537.144946	.18059
538.109300	.17849
539.073653	.17736
540.038007	.1772
541.002360	.17669
541.966714	.17584
542.931068	.17601
543.895421	.17743
544.859775	.17874
545.824128	.17829
546.788482	.17628
547.752836	.17463
548.717189	.17375
549.681543	.17307
550.645896	.17295
551.610250	.17324
552.574603	.17343
553.538957	.17355
554.503311	.17319
555.467664	.1721
556.432018	.17131
557.396371	.17174
558.360725	.17255
559.325079	.17296
560.289432	.17335
561.253786	.17315
562.218139	.17212
563.182493	.17092
564.146846	.16983
565.111200	.16963
566.075554	.1706
567.039907	.171
568.004261	.1702
568.968614	.17006
569.932968	.17079
570.897322	.16977
571.861675	.16712
572.826029	.16649
573.790382	.16899
574.754736	.17196
575.719090	.17207
576.683443	.16952
577.647797	.16806
578.612150	.16903
579.576504	.16985
580.540857	.16922
581.505211	.16823
582.469565	.16738
583.433918	.16711
584.398272	.16758
585.362625	.16795
586.326979	.16834
587.291333	.16895
588.255686	.16926
589.220040	.16866
590.184393	.16689
591.148747	.16539
592.113100	.16533
593.077454	.16574
594.041808	.16604
595.006161	.16673
595.970515	.1672
596.934868	.16698
597.899222	.16747
598.863576	.16868
599.827929	.16878
600.792283	.16797
601.756636	.16791
602.720990	.16889
603.685343	.16978
604.649697	.16963
605.614051	.16883
606.578404	.16835
607.542758	.16785
608.507111	.16663
609.471465	.16591
610.435819	.16655
611.400172	.16721
612.364526	.16676
613.328879	.16561
614.293233	.16525
615.257587	.16662
616.221940	.1681
617.186294	.16802
618.150647	.16697
619.115001	.16642
620.079354	.16677
621.043708	.16728
622.008062	.16748
622.972415	.16712
623.936769	.16631
624.901122	.16611
625.865476	.16666
626.829830	.16683
627.794183	.1667
628.758537	.16691
629.722890	.16672
630.687244	.16594
631.651597	.16555
632.615951	.16561
633.580305	.16548
634.544658	.1656
635.509012	.16668
636.473365	.16771
637.437719	.16737
638.402073	.16634
639.366426	.16609
640.330780	.1668
641.295133	.16715
642.259487	.16661
643.223841	.16622
644.188194	.1664
645.152548	.16653
646.116901	.16627
647.081255	.16557
648.045608	.16436
649.009962	.16346
649.974316	.1635
650.938669	.16375
651.903023	.16405
652.867376	.16458
653.831730	.1649
654.796084	.16492
655.760437	.16539
656.724791	.16623
657.689144	.16637
658.653498	.16597
659.617851	.16558
660.582205	.16544
661.546559	.16574
662.510912	.166
663.475266	.16632
664.439619	.16718
665.403973	.16717
666.368327	.16429
667.332680	.15882
668.297034	.15822
669.261387	.16381
670.225741	.16673
671.190094	.16736
672.154448	.16736
673.118802	.16749
674.083155	.16734
675.047509	.16692
676.011862	.1663
676.976216	.16508
677.940570	.16398
678.904923	.16451
679.869277	.16605
680.833630	.16652
681.797984	.16585
682.762338	.16513
683.726691	.16468
684.691045	.16473
685.655398	.16522
686.619752	.1653
687.584105	.16437
688.548459	.16361
689.512813	.16438
690.477166	.16562
691.441520	.16586
692.405873	.16548
693.370227	.16547
694.334581	.1662
695.298934	.16674
696.263288	.16624
697.227641	.16546
698.191995	.16511
699.156348	.16519
700.120702	.16569
701.085056	.16594
702.049409	.16566
703.013763	.16553
703.978116	.16573
704.942470	.16625
705.906824	.167
706.871177	.16712
707.835531	.16661
708.799884	.16672
709.764238	.16735
710.728591	.1671
711.692945	.16621
712.657299	.16629
713.621652	.16708
714.586006	.16734
715.550359	.16714
716.514713	.16688
717.479067	.16659
718.443420	.16591
719.407774	.1649
720.372127	.16458
721.336481	.16523
722.300835	.1658
723.265188	.16555
724.229542	.16517
725.193895	.16539
726.158249	.16557
727.122602	.1654
728.086956	.16544
729.051310	.16556
730.015663	.16542
730.980017	.16525
731.944370	.16535
732.908724	.1654
733.873078	.16526
734.837431	.16562
735.801785	.16641
736.766138	.16631
737.730492	.16524
738.694845	.16465
739.659199	.16486
740.623553	.16497
741.587906	.16465
742.552260	.16456
743.516613	.1647
744.480967	.16467
745.445321	.16527
746.409674	.16634
747.374028	.16654
748.338381	.16615
749.302735	.16594
750.267088	.16588
751.231442	.16621
752.195796	.16662
753.160149	.16615
754.124503	.16533
755.088856	.16535
756.053210	.16597
757.017564	.16631
757.981917	.16639
758.946271	.16657
759.910624	.16682
760.874978	.16684
761.839332	.16678
762.803685	.16702
763.768039	.16713
764.732392	.16685
765.696746	.16697
766.661099	.16759
767.625453	.16777
768.589807	.16739
769.554160	.16737
770.518514	.16796
771.482867	.16815
772.447221	.16785
773.411575	.16803
774.375928	.16842
775.340282	.16829
776.304635	.16798
777.268989	.16758
778.233342	.16696
779.197696	.16695
780.162050	.16749
781.126403	.16745
782.090757	.16678
783.055110	.1662
784.019464	.16609
784.983818	.16615
785.948171	.16627
786.912525	.16655
787.876878	.16627
788.841232	.16546
789.805586	.16535
790.769939	.16599
791.734293	.16644
792.698646	.16629
793.663000	.16564
794.627353	.16483
795.591707	.16435
796.556061	.16441
797.520414	.16468
798.484768	.1649
799.449121	.16517
800.413475	.16512
801.377829	.16429
802.342182	.16354
803.306536	.16365
804.270889	.16378
805.235243	.16337
806.199596	.16279
807.163950	.16241
808.128304	.16249
809.092657	.16255
810.057011	.16226
811.021364	.16211
811.985718	.16203
812.950072	.16179
813.914425	.1615
814.878779	.16096
815.843132	.1607
816.807486	.16142
817.771839	.16194
818.736193	.16119
819.700547	.16036
820.664900	.16069
821.629254	.16144
822.593607	.1615
823.557961	.16121
824.522315	.16136
825.486668	.1617
826.451022	.16166
827.415375	.16128
828.379729	.16109
829.344083	.16147
830.308436	.16204
831.272790	.16234
832.237143	.16278
833.201497	.1634
834.165850	.16367
835.130204	.16382
836.094558	.16393
837.058911	.16364
838.023265	.16343
838.987618	.16385
839.951972	.16455
840.916326	.16484
841.880679	.16471
842.845033	.16498
843.809386	.16599
844.773740	.16684
845.738093	.16682
846.702447	.16658
847.666801	.16679
848.631154	.16703
849.595508	.16706
850.559861	.1674
851.524215	.16814
852.488569	.16875
853.452922	.16914
854.417276	.16963
855.381629	.17012
856.345983	.17046
857.310336	.17076
858.274690	.1711
859.239044	.17151
860.203397	.17175
861.167751	.17159
862.132104	.17131
863.096458	.17138
864.060812	.1717
865.025165	.17199
865.989519	.17238
866.953872	.1728
867.918226	.17307
868.882580	.17339
869.846933	.17398
870.811287	.1748
871.775640	.17551
872.739994	.17591
873.704347	.17609
874.668701	.17602
875.633055	.17572
876.597408	.17542
877.561762	.17544
878.526115	.17579
879.490469	.17633
880.454823	.17696
881.419176	.17756
882.383530	.17791
883.347883	.17788
884.312237	.17783
885.276590	.17817
886.240944	.17863
887.205298	.17902
888.169651	.17974
889.134005	.18034
890.098358	.18016
891.062712	.1797
892.027066	.17944
892.991419	.17942
893.955773	.17995
894.920126	.18075
895.884480	.18108
896.848834	.18135
897.813187	.1819
898.777541	.18199
899.741894	.18175
900.706248	.18177
901.670601	.18202
902.634955	.18258
903.599309	.18326
904.563662	.18345
905.528016	.18327
906.492369	.18363
907.456723	.18456
908.421077	.18522
909.385430	.18553
910.349784	.18589
911.314137	.18613
912.278491	.18594
913.242844	.1856
914.207198	.18567
915.171552	.18632
916.135905	.18702
917.100259	.18733
918.064612	.18773
919.028966	.18851
919.993320	.18901
920.957673	.18892
921.922027	.18882
922.886380	.18914
923.850734	.18973
924.815087	.1902
925.779441	.19023
926.743795	.19
927.708148	.19009
928.672502	.19073
929.636855	.19141
930.601209	.19183
931.565563	.19234
932.529916	.19294
933.494270	.19337
934.458623	.19376
935.422977	.19419
936.387331	.19469
937.351684	.19535
938.316038	.19595
939.280391	.19624
940.244745	.1966
941.209098	.19731
942.173452	.19796
943.137806	.19844
944.102159	.19901
945.066513	.19948
946.030866	.19982
946.995220	.20051
947.959574	.20138
948.923927	.20196
949.888281	.20249
950.852634	.2032
951.816988	.20392
952.781341	.20471
953.745695	.20558
954.710049	.20624
955.674402	.20669
956.638756	.20727
957.603109	.20789
958.567463	.20835
959.531817	.20899
960.496170	.21004
961.460524	.21098
962.424877	.2114
963.389231	.21178
964.353584	.21249
965.317938	.2132
966.282292	.21377
967.246645	.21469
968.210999	.21589
969.175352	.21689
970.139706	.21782
971.104060	.21882
972.068413	.21965
973.032767	.22023
973.997120	.22081
974.961474	.22146
975.925828	.22204
976.890181	.22278
977.854535	.22387
978.818888	.22474
979.783242	.22522
980.747595	.22614
981.711949	.22772
982.676303	.22916
983.640656	.22989
984.605010	.23009
985.569363	.23031
986.533717	.23092
987.498071	.23187
988.462424	.23289
989.426778	.23374
990.391131	.23451
991.355485	.23523
992.319838	.23592
993.284192	.23672
994.248546	.23766
995.212899	.23878
996.177253	.23984
997.141606	.24022
998.105960	.2402
999.070314	.24093
1000.034667	.24246
1000.999021	.24375
1001.963374	.24451
1002.927728	.24504
1003.892082	.24567
1004.856435	.24665
1005.820789	.24763
1006.785142	.24833
1007.749496	.24908
1008.713849	.2498
1009.678203	.25018
1010.642557	.25066
1011.606910	.25151
1012.571264	.2523
1013.535617	.25298
1014.499971	.25377
1015.464325	.2545
1016.428678	.25513
1017.393032	.2559
1018.357385	.25704
1019.321739	.25843
1020.286092	.25925
1021.250446	.25932
1022.214800	.2597
1023.179153	.26068
1024.143507	.26138
1025.107860	.26163
1026.072214	.26209
1027.036568	.26297
1028.000921	.26396
1028.965275	.26457
1029.929628	.26482
1030.893982	.26552
1031.858335	.26657
1032.822689	.26716
1033.787043	.26762
1034.751396	.26829
1035.715750	.26885
1036.680103	.26935
1037.644457	.2698
1038.608811	.27009
1039.573164	.27048
1040.537518	.27117
1041.501871	.2717
1042.466225	.27204
1043.430579	.27273
1044.394932	.27354
1045.359286	.27395
1046.323639	.27411
1047.287993	.27434
1048.252346	.27483
1049.216700	.27544
1050.181054	.27574
1051.145407	.27599
1052.109761	.27662
1053.074114	.27725
1054.038468	.27767
1055.002822	.27794
1055.967175	.27802
1056.931529	.27809
1057.895882	.27829
1058.860236	.27858
1059.824589	.27903
1060.788943	.27961
1061.753297	.27981
1062.717650	.27942
1063.682004	.27902
1064.646357	.27905
1065.610711	.27931
1066.575065	.27953
1067.539418	.27937
1068.503772	.27885
1069.468125	.2786
1070.432479	.27865
1071.396832	.2782
1072.361186	.27732
1073.325540	.27694
1074.289893	.27709
1075.254247	.27708
1076.218600	.27673
1077.182954	.27615
1078.147308	.27531
1079.111661	.27416
1080.076015	.27316
1081.040368	.27279
1082.004722	.27239
1082.969076	.2712
1083.933429	.26964
1084.897783	.26849
1085.862136	.26781
1086.826490	.26703
1087.790843	.26593
1088.755197	.26492
1089.719551	.26393
1090.683904	.26248
1091.648258	.26087
1092.612611	.25968
1093.576965	.25862
1094.541319	.25711
1095.505672	.25519
1096.470026	.25345
1097.434379	.25205
1098.398733	.25065
1099.363086	.24926
1100.327440	.24801
1101.291794	.24663
1102.256147	.24494
1103.220501	.24315
1104.184854	.24162
1105.149208	.24028
1106.113562	.23876
1107.077915	.23707
1108.042269	.23533
1109.006622	.23357
1109.970976	.23204
1110.935330	.23088
1111.899683	.22953
1112.864037	.22783
1113.828390	.22632
1114.792744	.22516
1115.757097	.22408
1116.721451	.2228
1117.685805	.22138
1118.650158	.22009
1119.614512	.21888
1120.578865	.21753
1121.543219	.21606
1122.507573	.21471
1123.471926	.21357
1124.436280	.21243
1125.400633	.21115
1126.364987	.20981
1127.329340	.20846
1128.293694	.20694
1129.258048	.20551
1130.222401	.20452
1131.186755	.20369
1132.151108	.2027
1133.115462	.20158
1134.079816	.20039
1135.044169	.19916
1136.008523	.19791
1136.972876	.19669
1137.937230	.19569
1138.901583	.19493
1139.865937	.19406
1140.830291	.19293
1141.794644	.19186
1142.758998	.19095
1143.723351	.18998
1144.687705	.18886
1145.652059	.18766
1146.616412	.18653
1147.580766	.18571
1148.545119	.18499
1149.509473	.18406
1150.473827	.18314
1151.438180	.18234
1152.402534	.18131
1153.366887	.18008
1154.331241	.17918
1155.295594	.17854
1156.259948	.17762
1157.224302	.17645
1158.188655	.17529
1159.153009	.17422
1160.117362	.1734
1161.081716	.17292
1162.046070	.17233
1163.010423	.17129
1163.974777	.17012
1164.939130	.16901
1165.903484	.16779
1166.867837	.1667
1167.832191	.16588
1168.796545	.16507
1169.760898	.16406
1170.725252	.16308
1171.689605	.1623
1172.653959	.16144
1173.618313	.16042
1174.582666	.15955
1175.547020	.15875
1176.511373	.15774
1177.475727	.15668
1178.440080	.15575
1179.404434	.15486
1180.368788	.15398
1181.333141	.15315
1182.297495	.15223
1183.261848	.15107
1184.226202	.1498
1185.190556	.14882
1186.154909	.14832
1187.119263	.14791
1188.083616	.1471
1189.047970	.1459
1190.012324	.14467
1190.976677	.14365
1191.941031	.14274
1192.905384	.14189
1193.869738	.14108
1194.834091	.14011
1195.798445	.13884
1196.762799	.13767
1197.727152	.13676
1198.691506	.1358
1199.655859	.13464
1200.620213	.13343
1201.584567	.13235
1202.548920	.13133
1203.513274	.13013
1204.477627	.12891
1205.441981	.128
1206.406334	.12718
1207.370688	.12602
1208.335042	.12444
1209.299395	.12294
1210.263749	.12193
1211.228102	.12109
1212.192456	.11996
1213.156810	.11865
1214.121163	.1173
1215.085517	.11595
1216.049870	.11482
1217.014224	.11383
1217.978578	.11266
1218.942931	.11116
1219.907285	.10968
1220.871638	.10848
1221.835992	.10718
1222.800345	.10568
1223.764699	.10447
1224.729053	.10352
1225.693406	.1024
1226.657760	.10115
1227.622113	.10002
1228.586467	.098939
1229.550821	.097878
1230.515174	.096857
1231.479528	.095744
1232.443881	.094638
1233.408235	.093626
1234.372588	.092655
1235.336942	.091685
1236.301296	.090764
1237.265649	.089914
1238.230003	.089024
1239.194356	.088246
1240.158710	.087792
1241.123064	.087434
1242.087417	.086868
1243.051771	.086173
1244.016124	.08568
1244.980478	.085341
1245.944831	.084698
1246.909185	.083832
1247.873539	.083288
1248.837892	.083029
1249.802246	.082746
1250.766599	.082534
1251.730953	.082388
1252.695307	.082079
1253.659660	.081723
1254.624014	.081512
1255.588367	.081399
1256.552721	.081329
1257.517075	.081246
1258.481428	.081121
1259.445782	.081049
1260.410135	.081166
1261.374489	.081362
1262.338842	.081283
1263.303196	.081032
1264.267550	.080985
1265.231903	.081083
1266.196257	.081082
1267.160610	.080996
1268.124964	.080999
1269.089318	.081047
1270.053671	.080877
1271.018025	.080527
1271.982378	.080269
1272.946732	.080127
1273.911085	.080049
1274.875439	.080075
1275.839793	.080215
1276.804146	.080423
1277.768500	.080534
1278.732853	.080503
1279.697207	.080461
1280.661561	.080537
1281.625914	.080761
1282.590268	.080876
1283.554621	.080834
1284.518975	.080905
1285.483328	.080935
1286.447682	.08079
1287.412036	.080902
1288.376389	.081225
1289.340743	.081085
1290.305096	.080486
1291.269450	.080081
1292.233804	.080257
1293.198157	.080705
1294.162511	.080862
1295.126864	.080759
1296.091218	.080664
1297.055572	.080621
1298.019925	.080718
1298.984279	.080999
1299.948632	.081276
1300.912986	.081262
1301.877339	.0811
1302.841693	.080992
1303.806047	.080754
1304.770400	.080547
1305.734754	.080609
1306.699107	.080753
1307.663461	.080891
1308.627815	.080982
1309.592168	.080957
1310.556522	.080941
1311.520875	.080983
1312.485229	.080993
1313.449582	.080952
1314.413936	.080826
1315.378290	.080772
1316.342643	.081007
1317.306997	.081169
1318.271350	.08101
1319.235704	.08104
1320.200058	.081368
1321.164411	.081468
1322.128765	.081283
1323.093118	.081245
1324.057472	.081463
1325.021825	.081705
1325.986179	.081857
1326.950533	.081809
1327.914886	.08152
1328.879240	.081264
1329.843593	.081325
1330.807947	.081666
1331.772301	.081829
1332.736654	.081579
1333.701008	.081391
1334.665361	.08148
1335.629715	.081544
1336.594069	.081483
1337.558422	.081292
1338.522776	.081006
1339.487129	.080895
1340.451483	.081101
1341.415836	.081449
1342.380190	.081668
1343.344544	.081626
1344.308897	.081506
1345.273251	.081525
1346.237604	.081649
1347.201958	.081817
1348.166312	.081973
1349.130665	.082019
1350.095019	.08204
1351.059372	.082101
1352.023726	.082002
1352.988079	.081717
1353.952433	.08151
1354.916787	.081617
1355.881140	.081966
1356.845494	.082221
1357.809847	.082241
1358.774201	.082051
1359.738555	.081692
1360.702908	.081219
1361.667262	.080754
1362.631615	.080744
1363.595969	.081305
1364.560323	.0819
1365.524676	.082253
1366.489030	.082322
1367.453383	.082098
1368.417737	.081981
1369.382090	.082192
1370.346444	.08229
1371.310798	.082037
1372.275151	.08164
1373.239505	.081434
1374.203858	.081667
1375.168212	.082019
1376.132566	.082062
1377.096919	.081907
1378.061273	.081844
1379.025626	.08184
1379.989980	.081774
1380.954333	.081744
1381.918687	.081816
1382.883041	.08188
1383.847394	.081861
1384.811748	.081739
1385.776101	.081317
1386.740455	.080917
1387.704809	.081322
1388.669162	.082051
1389.633516	.082206
1390.597869	.081957
1391.562223	.081698
1392.526576	.081273
1393.490930	.080581
1394.455284	.080318
1395.419637	.080827
1396.383991	.081196
1397.348344	.080738
1398.312698	.080029
1399.277052	.079995
1400.241405	.080419
1401.205759	.080727
1402.170112	.080927
1403.134466	.080885
1404.098820	.080529
1405.063173	.08031
1406.027527	.080377
1406.991880	.080339
1407.956234	.080235
1408.920587	.080303
1409.884941	.08035
1410.849295	.080209
1411.813648	.080008
1412.778002	.079842
1413.742355	.079794
1414.706709	.079882
1415.671063	.079714
1416.635416	.078949
1417.599770	.077754
1418.564123	.076842
1419.528477	.077259
1420.492830	.078444
1421.457184	.078853
1422.421538	.07852
1423.385891	.078399
1424.350245	.07881
1425.314598	.079008
1426.278952	.078662
1427.243306	.078315
1428.207659	.078155
1429.172013	.07808
1430.136366	.078099
1431.100720	.078132
1432.065073	.078185
1433.029427	.078174
1433.993781	.077777
1434.958134	.076813
1435.922488	.075835
1436.886841	.076108
1437.851195	.077312
1438.815549	.077943
1439.779902	.077997
1440.744256	.077952
1441.708609	.077837
1442.672963	.077677
1443.637317	.077522
1444.601670	.077414
1445.566024	.077287
1446.530377	.076917
1447.494731	.076546
1448.459084	.076681
1449.423438	.07704
1450.387792	.077074
1451.352145	.076961
1452.316499	.076947
1453.280852	.076692
1454.245206	.075773
1455.209560	.074202
1456.173913	.072919
1457.138267	.073277
1458.102620	.074604
1459.066974	.075618
1460.031327	.076289
1460.995681	.076719
1461.960035	.076732
1462.924388	.076023
1463.888742	.075094
1464.853095	.0751
1465.817449	.075909
1466.781803	.076387
1467.746156	.076395
1468.710510	.076357
1469.674863	.076006
1470.639217	.074974
1471.603571	.073991
1472.567924	.074101
1473.532278	.075089
1474.496631	.075657
1475.460985	.075472
1476.425338	.075603
1477.389692	.076415
1478.354046	.076932
1479.318399	.076732
1480.282753	.076428
1481.247106	.076479
1482.211460	.076633
1483.175814	.076708
1484.140167	.076652
1485.104521	.076297
1486.068874	.075866
1487.033228	.075683
1487.997581	.075445
1488.961935	.074978
1489.926289	.074952
1490.890642	.075698
1491.854996	.076432
1492.819349	.076634
1493.783703	.07643
1494.748057	.075812
1495.712410	.075261
1496.676764	.075447
1497.641117	.075762
1498.605471	.076061
1499.569824	.076666
1500.534178	.077073
1501.498532	.077214
1502.462885	.077112
1503.427239	.076259
1504.391592	.074638
1505.355946	.073052
1506.320300	.072769
1507.284653	.073992
1508.249007	.075355
1509.213360	.07626
1510.177714	.076768
1511.142068	.076799
1512.106421	.076797
1513.070775	.077052
1514.035128	.077007
1514.999482	.07646
1515.963835	.075715
1516.928189	.075625
1517.892543	.076373
1518.856896	.076197
1519.821250	.074784
1520.785603	.074184
1521.749957	.075293
1522.714311	.076444
1523.678664	.076643
1524.643018	.07634
1525.607371	.076369
1526.571725	.076807
1527.536078	.077147
1528.500432	.077399
1529.464786	.077657
1530.429139	.077724
1531.393493	.077279
1532.357846	.07634
1533.322200	.075899
1534.286554	.0767
1535.250907	.07774
1536.215261	.077892
1537.179614	.076821
1538.143968	.074931
1539.108321	.073916
1540.072675	.074612
1541.037029	.075299
1542.001382	.075823
1542.965736	.07652
1543.930089	.076708
1544.894443	.076859
1545.858797	.077746
1546.823150	.07866
1547.787504	.078665
1548.751857	.077957
1549.716211	.077718
1550.680565	.078389
1551.644918	.078714
1552.609272	.077848
1553.573625	.076868
1554.537979	.077174
1555.502332	.077473
1556.466686	.076002
1557.431040	.073688
1558.395393	.072452
1559.359747	.07323
1560.324100	.075804
1561.288454	.078127
1562.252808	.078904
1563.217161	.078761
1564.181515	.078445
1565.145868	.078397
1566.110222	.07863
1567.074575	.078558
1568.038929	.077797
1569.003283	.077099
1569.967636	.077555
1570.931990	.07858
1571.896343	.079187
1572.860697	.079337
1573.825051	.078689
1574.789404	.077102
1575.753758	.076213
1576.718111	.07729
1577.682465	.07851
1578.646819	.079015
1579.611172	.079249
1580.575526	.079262
1581.539879	.079115
1582.504233	.078977
1583.468586	.079032
1584.432940	.079261
1585.397294	.079514
1586.361647	.079749
1587.326001	.079849
1588.290354	.079856
1589.254708	.079977
1590.219062	.080027
1591.183415	.079774
1592.147769	.07949
1593.112122	.079407
1594.076476	.079408
1595.040829	.079441
1596.005183	.079596
1596.969537	.079823
1597.933890	.079962
1598.898244	.07999
1599.862597	.079969
1600.826951	.079893
1601.791305	.079694
1602.755658	.079536
1603.720012	.079651
1604.684365	.079819
1605.648719	.079786
1606.613072	.079762
1607.577426	.079815
1608.541780	.079635
1609.506133	.079454
1610.470487	.079649
1611.434840	.07988
1612.399194	.079901
1613.363548	.07987
1614.327901	.07952
1615.292255	.078466
1616.256608	.077783
1617.220962	.078709
1618.185316	.079742
1619.149669	.079996
1620.114023	.080018
1621.078376	.079758
1622.042730	.07894
1623.007083	.078261
1623.971437	.078791
1624.935791	.079814
1625.900144	.080031
1626.864498	.079669
1627.828851	.079676
1628.793205	.080151
1629.757559	.080524
1630.721912	.080631
1631.686266	.080559
1632.650619	.080147
1633.614973	.078886
1634.579326	.077287
1635.543680	.077281
1636.508034	.078593
1637.472387	.079475
1638.436741	.079929
1639.401094	.079993
1640.365448	.079903
1641.329802	.080149
1642.294155	.080348
1643.258509	.080046
1644.222862	.079167
1645.187216	.077942
1646.151569	.07731
1647.115923	.077792
1648.080277	.078788
1649.044630	.079604
1650.008984	.079438
1650.973337	.077577
1651.937691	.074685
1652.902045	.074027
1653.866398	.076706
1654.830752	.07905
1655.795105	.08005
1656.759459	.080325
1657.723813	.080538
1658.688166	.080853
1659.652520	.080872
1660.616873	.080405
1661.581227	.079656
1662.545580	.07931
1663.509934	.079841
1664.474288	.080638
1665.438641	.081059
1666.402995	.080917
1667.367348	.080124
1668.331702	.07916
1669.296056	.078963
1670.260409	.079414
1671.224763	.079933
1672.189116	.080433
1673.153470	.080172
1674.117823	.079063
1675.082177	.078849
1676.046531	.080084
1677.010884	.080982
1677.975238	.080935
1678.939591	.080529
1679.903945	.080294
1680.868299	.080228
1681.832652	.079682
1682.797006	.078268
1683.761359	.077093
1684.725713	.077911
1685.690067	.079612
1686.654420	.080333
1687.618774	.080392
1688.583127	.080471
1689.547481	.080677
1690.511834	.08089
1691.476188	.08108
1692.440542	.081196
1693.404895	.080787
1694.369249	.079514
1695.333602	.07857
1696.297956	.079401
1697.262310	.080235
1698.226663	.079314
1699.191017	.077134
1700.155370	.076209
1701.119724	.078163
1702.084077	.080018
1703.048431	.080327
1704.012785	.079906
1704.977138	.079698
1705.941492	.079996
1706.905845	.080566
1707.870199	.080889
1708.834553	.080829
1709.798906	.080901
1710.763260	.081148
1711.727613	.081152
1712.691967	.08081
1713.656320	.080192
1714.620674	.079664
1715.585028	.079227
1716.549381	.078487
1717.513735	.078212
1718.478088	.079191
1719.442442	.080253
1720.406796	.080604
1721.371149	.0807
1722.335503	.080881
1723.299856	.081058
1724.264210	.081193
1725.228564	.081351
1726.192917	.081561
1727.157271	.081705
1728.121624	.081514
1729.085978	.081014
1730.050331	.080657
1731.014685	.080436
1731.979039	.079584
1732.943392	.078074
1733.907746	.077715
1734.872099	.079334
1735.836453	.080668
1736.800807	.080821
1737.765160	.080411
1738.729514	.079916
1739.693867	.079904
1740.658221	.080371
1741.622574	.080664
1742.586928	.08084
1743.551282	.081116
1744.515635	.081236
1745.479989	.081118
1746.444342	.080817
1747.408696	.080366
1748.373050	.08004
1749.337403	.079757
1750.301757	.079363
1751.266110	.079615
1752.230464	.080582
1753.194817	.081212
1754.159171	.081326
1755.123525	.081136
1756.087878	.08082
1757.052232	.080783
1758.016585	.081026
1758.980939	.081147
1759.945293	.080817
1760.909646	.080254
1761.874000	.080171
1762.838353	.080619
1763.802707	.081041
1764.767061	.081213
1765.731414	.081007
1766.695768	.08041
1767.660121	.079978
1768.624475	.080129
1769.588828	.080134
1770.553182	.079381
1771.517536	.078598
1772.481889	.078968
1773.446243	.080186
1774.410596	.081002
1775.374950	.081278
1776.339304	.081317
1777.303657	.081286
1778.268011	.081346
1779.232364	.081302
1780.196718	.081091
1781.161071	.081006
1782.125425	.080966
1783.089779	.080802
1784.054132	.080725
1785.018486	.080979
1785.982839	.081329
1786.947193	.081441
1787.911547	.081398
1788.875900	.081237
1789.840254	.080812
1790.804607	.080176
1791.768961	.079733
1792.733315	.079975
1793.697668	.080625
1794.662022	.081006
1795.626375	.081104
1796.590729	.081104
1797.555082	.080902
1798.519436	.080489
1799.483790	.080175
1800.448143	.080142
1801.412497	.080311
1802.376850	.080723
1803.341204	.081212
1804.305558	.081426
1805.269911	.081378
1806.234265	.081129
1807.198618	.080835
1808.162972	.080873
1809.127325	.080977
1810.091679	.080814
1811.056033	.080831
1812.020386	.081157
1812.984740	.081465
1813.949093	.081711
1814.913447	.081769
1815.877801	.081504
1816.842154	.081213
1817.806508	.081146
1818.770861	.081188
1819.735215	.081296
1820.699568	.081462
1821.663922	.081565
1822.628276	.08155
1823.592629	.081191
1824.556983	.080583
1825.521336	.0805
1826.485690	.08102
1827.450044	.081257
1828.414397	.08074
1829.378751	.08007
1830.343104	.080165
1831.307458	.080812
1832.271812	.081246
1833.236165	.081289
1834.200519	.081176
1835.164872	.081109
1836.129226	.081121
1837.093579	.081207
1838.057933	.081321
1839.022287	.081366
1839.986640	.081302
1840.950994	.081213
1841.915347	.08092
1842.879701	.080148
1843.844055	.079654
1844.808408	.080201
1845.772762	.080787
1846.737115	.080832
1847.701469	.080896
1848.665822	.081035
1849.630176	.081078
1850.594530	.081211
1851.558883	.081373
1852.523237	.081354
1853.487590	.081269
1854.451944	.081288
1855.416298	.081255
1856.380651	.081122
1857.345005	.081068
1858.309358	.081099
1859.273712	.081213
1860.238065	.081323
1861.202419	.081404
1862.166773	.081664
1863.131126	.081907
1864.095480	.081761
1865.059833	.081273
1866.024187	.080739
1866.988541	.080361
1867.952894	.0802
1868.917248	.080321
1869.881601	.080657
1870.845955	.080963
1871.810309	.081161
1872.774662	.081351
1873.739016	.081491
1874.703369	.081516
1875.667723	.081478
1876.632076	.081412
1877.596430	.08142
1878.560784	.081462
1879.525137	.081352
1880.489491	.081191
1881.453844	.081258
1882.418198	.081468
1883.382552	.081504
1884.346905	.0815
1885.311259	.081612
1886.275612	.081618
1887.239966	.081421
1888.204319	.081182
1889.168673	.081168
1890.133027	.081374
1891.097380	.081491
1892.061734	.081462
1893.026087	.081437
1893.990441	.081424
1894.954795	.081343
1895.919148	.081324
1896.883502	.081422
1897.847855	.081439
1898.812209	.081355
1899.776562	.081315
1900.740916	.081335
1901.705270	.081355
1902.669623	.081314
1903.633977	.081234
1904.598330	.081259
1905.562684	.081385
1906.527038	.08141
1907.491391	.081289
1908.455745	.081166
1909.420098	.081138
1910.384452	.081239
1911.348806	.08142
1912.313159	.081507
1913.277513	.081485
1914.241866	.081545
1915.206220	.081667
1916.170573	.081544
1917.134927	.081229
1918.099281	.081143
1919.063634	.08116
1920.027988	.081112
1920.992341	.081193
1921.956695	.081208
1922.921049	.081133
1923.885402	.081307
1924.849756	.081538
1925.814109	.081513
1926.778463	.081426
1927.742816	.081471
1928.707170	.081465
1929.671524	.081362
1930.635877	.081358
1931.600231	.081449
1932.564584	.081491
1933.528938	.081547
1934.493292	.081665
1935.457645	.081613
1936.421999	.081408
1937.386352	.081386
1938.350706	.081487
1939.315060	.081375
1940.279413	.081107
1941.243767	.080972
1942.208120	.081064
1943.172474	.081388
1944.136827	.081719
1945.101181	.081713
1946.065535	.081504
1947.029888	.081382
1947.994242	.081388
1948.958595	.081514
1949.922949	.08162
1950.887303	.081623
1951.851656	.081717
1952.816010	.081958
1953.780363	.082097
1954.744717	.081975
1955.709070	.081714
1956.673424	.081522
1957.637778	.081548
1958.602131	.081737
1959.566485	.0818
1960.530838	.081711
1961.495192	.081662
1962.459546	.081666
1963.423899	.081736
1964.388253	.081871
1965.352606	.081919
1966.316960	.081756
1967.281313	.081603
1968.245667	.08181
1969.210021	.082077
1970.174374	.081931
1971.138728	.081681
1972.103081	.081792
1973.067435	.08214
1974.031789	.082398
1974.996142	.082432
1975.960496	.082241
1976.924849	.082019
1977.889203	.082067
1978.853557	.082282
1979.817910	.082303
1980.782264	.082177
1981.746617	.082188
1982.710971	.082316
1983.675324	.082286
1984.639678	.082053
1985.604032	.081875
1986.568385	.081823
1987.532739	.081763
1988.497092	.08176
1989.461446	.081846
1990.425800	.081889
1991.390153	.081922
1992.354507	.082031
1993.318860	.082213
1994.283214	.082375
1995.247567	.082382
1996.211921	.08238
1997.176275	.082612
1998.140628	.082905
1999.104982	.082933
2000.069335	.082806
2001.033689	.082824
2001.998043	.082862
2002.962396	.082775
2003.926750	.082773
2004.891103	.082847
2005.855457	.082775
2006.819810	.082623
2007.784164	.082491
2008.748518	.082339
2009.712871	.082238
2010.677225	.082241
2011.641578	.082291
2012.605932	.08235
2013.570286	.082403
2014.534639	.082409
2015.498993	.082324
2016.463346	.08231
2017.427700	.082514
2018.392054	.082752
2019.356407	.082965
2020.320761	.08316
2021.285114	.08321
2022.249468	.083177
2023.213821	.083132
2024.178175	.083115
2025.142529	.083181
2026.106882	.083113
2027.071236	.082771
2028.035589	.082477
2028.999943	.082478
2029.964297	.082641
2030.928650	.082745
2031.893004	.082748
2032.857357	.082828
2033.821711	.083014
2034.786064	.083042
2035.750418	.082916
2036.714772	.082923
2037.679125	.083116
2038.643479	.083441
2039.607832	.08385
2040.572186	.084094
2041.536540	.084095
2042.500893	.084078
2043.465247	.084059
2044.429600	.083926
2045.393954	.083733
2046.358308	.083507
2047.322661	.083315
2048.287015	.08333
2049.251368	.083453
2050.215722	.083395
2051.180075	.083184
2052.144429	.083018
2053.108783	.082948
2054.073136	.08306
2055.037490	.083326
2056.001843	.083446
2056.966197	.083394
2057.930551	.08348
2058.894904	.08382
2059.859258	.084303
2060.823611	.084678
2061.787965	.084687
2062.752318	.084465
2063.716672	.084407
2064.681026	.084624
2065.645379	.084772
2066.609733	.084575
2067.574086	.084255
2068.538440	.084109
2069.502794	.084109
2070.467147	.084021
2071.431501	.083737
2072.395854	.083545
2073.360208	.083659
2074.324561	.083748
2075.288915	.083566
2076.253269	.083387
2077.217622	.083434
2078.181976	.08361
2079.146329	.083836
2080.110683	.084135
2081.075037	.084442
2082.039390	.084626
2083.003744	.084752
2083.968097	.085031
2084.932451	.085283
2085.896805	.085191
2086.861158	.084999
2087.825512	.085001
2088.789865	.085035
2089.754219	.084966
2090.718572	.084803
2091.682926	.084703
2092.647280	.084773
2093.611633	.08469
2094.575987	.08437
2095.540340	.084227
2096.504694	.084313
2097.469048	.084395
2098.433401	.084426
2099.397755	.084404
2100.362108	.084411
2101.326462	.084648
2102.290815	.085044
2103.255169	.085247
2104.219523	.085269
2105.183876	.085522
2106.148230	.085929
2107.112583	.086054
2108.076937	.085921
2109.041291	.085688
2110.005644	.085346
2110.969998	.08509
2111.934351	.085123
2112.898705	.085229
2113.863058	.085094
2114.827412	.084891
2115.791766	.084926
2116.756119	.084987
2117.720473	.084798
2118.684826	.084456
2119.649180	.084272
2120.613534	.084487
2121.577887	.084949
2122.542241	.085389
2123.506594	.085756
2124.470948	.086025
2125.435302	.086172
2126.399655	.086236
2127.364009	.086337
2128.328362	.086493
2129.292716	.086537
2130.257069	.086525
2131.221423	.086477
2132.185777	.086156
2133.150130	.085753
2134.114484	.085678
2135.078837	.085774
2136.043191	.085639
2137.007545	.085342
2137.971898	.085228
2138.936252	.085281
2139.900605	.085366
2140.864959	.085608
2141.829312	.085861
2142.793666	.085802
2143.758020	.085741
2144.722373	.086103
2145.686727	.086606
2146.651080	.08686
2147.615434	.087051
2148.579788	.087433
2149.544141	.08766
2150.508495	.087464
2151.472848	.087305
2152.437202	.087433
2153.401556	.087438
2154.365909	.087064
2155.330263	.086581
2156.294616	.086303
2157.258970	.086195
2158.223323	.086046
2159.187677	.085852
2160.152031	.085848
2161.116384	.086034
2162.080738	.086154
2163.045091	.086178
2164.009445	.086234
2164.973799	.086425
2165.938152	.086737
2166.902506	.087009
2167.866859	.087293
2168.831213	.087771
2169.795566	.088229
2170.759920	.088374
2171.724274	.088381
2172.688627	.08847
2173.652981	.088548
2174.617334	.088436
2175.581688	.08814
2176.546042	.087764
2177.510395	.087288
2178.474749	.086895
2179.439102	.086834
2180.403456	.086915
2181.367809	.086889
2182.332163	.086748
2183.296517	.086651
2184.260870	.086773
2185.225224	.087012
2186.189577	.087207
2187.153931	.087502
2188.118285	.087996
2189.082638	.08844
2190.046992	.088629
2191.011345	.088628
2191.975699	.088696
2192.940053	.088945
2193.904406	.089097
2194.868760	.088958
2195.833113	.088677
2196.797467	.088449
2197.761820	.088228
2198.726174	.087968
2199.690528	.087774
2200.654881	.087613
2201.619235	.087535
2202.583588	.087559
2203.547942	.087506
2204.512296	.087418
2205.476649	.087417
2206.441003	.087553
2207.405356	.087803
2208.369710	.088096
2209.334063	.088397
2210.298417	.088724
2211.262771	.08913
2212.227124	.089503
2213.191478	.089782
2214.155831	.090077
2215.120185	.090214
2216.084539	.090034
2217.048892	.089792
2218.013246	.089657
2218.977599	.089467
2219.941953	.089175
2220.906306	.088902
2221.870660	.088678
2222.835014	.088487
2223.799367	.088265
2224.763721	.088061
2225.728074	.088068
2226.692428	.088283
2227.656782	.088507
2228.621135	.088695
2229.585489	.088941
2230.549842	.089132
2231.514196	.089206
2232.478550	.089391
2233.442903	.089716
2234.407257	.090042
2235.371610	.090316
2236.335964	.090445
2237.300317	.090449
2238.264671	.090457
2239.229025	.090479
2240.193378	.090411
2241.157732	.090156
2242.122085	.089768
2243.086439	.089454
2244.050793	.089323
2245.015146	.089179
2245.979500	.088768
2246.943853	.088198
2247.908207	.087877
2248.872560	.088075
2249.836914	.088605
2250.801268	.089102
2251.765621	.08951
2252.729975	.089919
2253.694328	.090291
2254.658682	.09061
2255.623036	.090909
2256.587389	.091178
2257.551743	.091304
2258.516096	.091238
2259.480450	.0912
2260.444804	.091255
2261.409157	.091169
2262.373511	.090931
2263.337864	.090644
2264.302218	.090215
2265.266571	.089734
2266.230925	.089423
2267.195279	.089179
2268.159632	.088898
2269.123986	.088793
2270.088339	.088935
2271.052693	.089116
2272.017047	.089307
2272.981400	.089617
2273.945754	.089893
2274.910107	.090027
2275.874461	.090239
2276.838814	.090633
2277.803168	.091093
2278.767522	.091575
2279.731875	.091942
2280.696229	.092069
2281.660582	.092159
2282.624936	.09225
2283.589290	.092054
2284.553643	.09158
2285.517997	.091057
2286.482350	.090477
2287.446704	.089878
2288.411057	.089495
2289.375411	.089263
2290.339765	.088985
2291.304118	.08878
2292.268472	.088739
2293.232825	.088752
2294.197179	.088827
2295.161533	.089104
2296.125886	.089546
2297.090240	.089925
2298.054593	.090135
2299.018947	.090265
2299.983301	.090462
2300.947654	.090692
2301.912008	.090828
2302.876361	.090936
2303.840715	.091002
2304.805068	.090792
2305.769422	.090121
2306.733776	.089192
2307.698129	.088538
2308.662483	.088242
2309.626836	.0879
2310.591190	.0875
2311.555544	.087294
2312.519897	.087096
2313.484251	.086754
2314.448604	.08662
2315.412958	.086811
2316.377311	.086769
2317.341665	.086115
2318.306019	.085495
2319.270372	.085643
2320.234726	.086195
2321.199079	.086505
2322.163433	.086531
2323.127787	.086494
2324.092140	.086538
2325.056494	.086567
2326.020847	.086274
2326.985201	.085536
2327.949554	.084701
2328.913908	.084279
2329.878262	.084197
2330.842615	.083817
2331.806969	.083135
2332.771322	.082892
2333.735676	.083125
2334.700030	.083214
2335.664383	.082929
2336.628737	.082483
2337.593090	.082301
2338.557444	.08242
2339.521798	.082529
2340.486151	.082693
2341.450505	.082854
2342.414858	.082934
2343.379212	.083405
2344.343565	.084437
2345.307919	.085537
2346.272273	.086567
2347.236626	.087649
2348.200980	.08806
2349.165333	.087349
2350.129687	.086183
2351.094041	.085068
2352.058394	.083631
2353.022748	.08203
2353.987101	.081162
2354.951455	.081012
2355.915808	.080697
2356.880162	.079736
2357.844516	.078564
2358.808869	.078143
2359.773223	.078738
2360.737576	.079674
2361.701930	.080323
2362.666284	.080575
2363.630637	.080848
2364.594991	.081714
2365.559344	.083007
2366.523698	.083821
2367.488052	.084176
2368.452405	.084855
2369.416759	.085486
2370.381112	.085519
2371.345466	.085706
2372.309819	.08642
2373.274173	.08691
2374.238527	.08695
2375.202880	.087086
2376.167234	.087495
2377.131587	.087863
2378.095941	.088092
2379.060295	.08834
2380.024648	.088656
2380.989002	.089145
2381.953355	.0898
2382.917709	.090351
2383.882062	.090812
2384.846416	.091437
2385.810770	.092082
2386.775123	.092489
2387.739477	.092808
2388.703830	.093137
2389.668184	.093393
2390.632538	.093631
2391.596891	.093741
2392.561245	.093595
2393.525598	.093404
2394.489952	.093224
2395.454305	.092989
2396.418659	.092839
2397.383013	.092647
2398.347366	.092108
2399.311720	.091446
2400.276073	.09109
2401.240427	.090965
2402.204781	.090825
2403.169134	.090706
2404.133488	.090741
2405.097841	.09107
2406.062195	.091644
2407.026549	.092067
2407.990902	.092221
2408.955256	.092401
2409.919609	.092673
2410.883963	.092923
2411.848316	.093192
2412.812670	.093524
2413.777024	.093863
2414.741377	.094018
2415.705731	.093914
2416.670084	.093787
2417.634438	.093518
2418.598792	.092932
2419.563145	.092417
2420.527499	.092115
2421.491852	.091866
2422.456206	.091618
2423.420559	.09126
2424.384913	.090916
2425.349267	.090801
2426.313620	.090842
2427.277974	.091025
2428.242327	.091474
2429.206681	.092106
2430.171035	.092572
2431.135388	.092664
2432.099742	.092712
2433.064095	.093095
2434.028449	.093553
2434.992802	.093745
2435.957156	.093778
2436.921510	.09378
2437.885863	.093742
2438.850217	.093632
2439.814570	.093405
2440.778924	.093073
2441.743278	.092644
2442.707631	.092114
2443.671985	.091579
2444.636338	.0911
2445.600692	.090762
2446.565046	.090674
2447.529399	.090742
2448.493753	.090876
2449.458106	.091066
2450.422460	.09129
2451.386813	.091543
2452.351167	.091819
2453.315521	.092194
2454.279874	.092646
2455.244228	.093026
2456.208581	.093228
2457.172935	.093282
2458.137289	.093466
2459.101642	.093737
2460.065996	.093701
2461.030349	.093498
2461.994703	.093381
2462.959056	.093136
2463.923410	.092714
2464.887764	.092305
2465.852117	.091937
2466.816471	.091607
2467.780824	.091336
2468.745178	.091203
2469.709532	.091183
2470.673885	.09106
2471.638239	.090944
2472.602592	.091042
2473.566946	.091182
2474.531300	.091372
2475.495653	.091856
2476.460007	.092537
2477.424360	.093103
2478.388714	.093426
2479.353067	.093635
2480.317421	.093888
2481.281775	.094024
2482.246128	.093789
2483.210482	.093345
2484.174835	.093009
2485.139189	.092829
2486.103543	.092639
2487.067896	.092316
2488.032250	.091961
2488.996603	.091687
2489.960957	.091405
2490.925310	.091083
2491.889664	.090925
2492.854018	.091067
2493.818371	.091321
2494.782725	.091503
2495.747078	.09176
2496.711432	.092081
2497.675786	.092333
2498.640139	.0928
2499.604493	.093471
2500.568846	.093783
2501.533200	.093678
2502.497553	.093627
2503.461907	.093776
2504.426261	.09388
2505.390614	.093728
2506.354968	.093343
2507.319321	.093018
2508.283675	.092886
2509.248029	.092711
2510.212382	.092405
2511.176736	.092028
2512.141089	.091581
2513.105443	.091239
2514.069797	.091183
2515.034150	.091329
2515.998504	.091397
2516.962857	.091311
2517.927211	.091368
2518.891564	.091638
2519.855918	.091984
2520.820272	.092557
2521.784625	.093219
2522.748979	.093513
2523.713332	.093501
2524.677686	.093552
2525.642040	.093761
2526.606393	.093936
2527.570747	.093914
2528.535100	.09375
2529.499454	.093543
2530.463807	.093347
2531.428161	.093135
2532.392515	.092818
2533.356868	.092427
2534.321222	.092086
2535.285575	.091872
2536.249929	.091808
2537.214283	.091807
2538.178636	.091785
2539.142990	.091764
2540.107343	.091781
2541.071697	.091954
2542.036050	.092398
2543.000404	.092985
2543.964758	.093437
2544.929111	.093564
2545.893465	.093486
2546.857818	.093461
2547.822172	.093597
2548.786526	.093787
2549.750879	.093802
2550.715233	.093702
2551.679586	.093686
2552.643940	.093629
2553.608294	.093377
2554.572647	.093062
2555.537001	.092776
2556.501354	.092474
2557.465708	.092193
2558.430061	.091994
2559.394415	.091916
2560.358769	.091827
2561.323122	.091553
2562.287476	.091357
2563.251829	.091596
2564.216183	.092173
2565.180537	.092697
2566.144890	.092954
2567.109244	.093108
2568.073597	.093407
2569.037951	.093909
2570.002304	.094344
2570.966658	.094438
2571.931012	.094324
2572.895365	.094248
2573.859719	.094186
2574.824072	.093921
2575.788426	.093444
2576.752780	.093093
2577.717133	.09299
2578.681487	.092772
2579.645840	.092299
2580.610194	.091919
2581.574547	.091728
2582.538901	.091611
2583.503255	.091701
2584.467608	.091928
2585.431962	.091989
2586.396315	.092059
2587.360669	.092472
2588.325023	.092999
2589.289376	.093326
2590.253730	.093588
2591.218083	.093909
2592.182437	.094168
2593.146791	.094186
2594.111144	.093932
2595.075498	.093646
2596.039851	.093487
2597.004205	.093334
2597.968558	.093191
2598.932912	.093138
2599.897266	.09302
2600.861619	.09276
2601.825973	.092464
2602.790326	.092285
2603.754680	.092307
2604.719034	.092293
2605.683387	.092008
2606.647741	.091704
2607.612094	.09173
2608.576448	.09197
2609.540801	.09218
2610.505155	.092395
2611.469509	.092628
2612.433862	.09286
2613.398216	.093078
2614.362569	.093164
2615.326923	.093221
2616.291277	.093372
2617.255630	.093511
2618.219984	.093659
2619.184337	.09373
2620.148691	.09353
2621.113045	.093271
2622.077398	.093154
2623.041752	.093052
2624.006105	.092864
2624.970459	.092625
2625.934812	.092402
2626.899166	.092195
2627.863520	.09203
2628.827873	.091949
2629.792227	.091936
2630.756580	.092059
2631.720934	.092273
2632.685288	.092346
2633.649641	.092364
2634.613995	.092575
2635.578348	.09284
2636.542702	.092995
2637.507055	.093091
2638.471409	.093118
2639.435763	.093047
2640.400116	.092966
2641.364470	.092933
2642.328823	.092767
2643.293177	.092411
2644.257531	.092213
2645.221884	.092285
2646.186238	.092324
2647.150591	.092121
2648.114945	.091784
2649.079298	.091556
2650.043652	.091502
2651.008006	.091553
2651.972359	.091641
2652.936713	.09165
2653.901066	.09164
2654.865420	.091751
2655.829774	.091924
2656.794127	.0921
2657.758481	.092294
2658.722834	.092503
2659.687188	.092613
2660.651542	.092596
2661.615895	.092836
2662.580249	.093267
2663.544602	.093164
2664.508956	.092562
2665.473309	.092176
2666.437663	.092213
2667.402017	.092256
2668.366370	.09201
2669.330724	.09173
2670.295077	.091574
2671.259431	.091399
2672.223785	.091277
2673.188138	.091366
2674.152492	.091525
2675.116845	.091414
2676.081199	.09114
2677.045552	.091068
2678.009906	.091042
2678.974260	.091022
2679.938613	.091299
2680.902967	.091757
2681.867320	.092092
2682.831674	.09215
2683.796028	.092048
2684.760381	.092028
2685.724735	.091973
2686.689088	.091772
2687.653442	.09165
2688.617795	.091719
2689.582149	.091816
2690.546503	.091655
2691.510856	.091243
2692.475210	.090958
2693.439563	.090898
2694.403917	.090884
2695.368271	.09076
2696.332624	.090453
2697.296978	.090297
2698.261331	.090613
2699.225685	.091078
2700.190039	.091277
2701.154392	.091204
2702.118746	.091023
2703.083099	.090944
2704.047453	.091089
2705.011806	.091348
2705.976160	.091572
2706.940514	.091761
2707.904867	.092035
2708.869221	.092233
2709.833574	.092063
2710.797928	.091644
2711.762282	.091283
2712.726635	.091149
2713.690989	.091094
2714.655342	.090817
2715.619696	.090546
2716.584049	.090683
2717.548403	.090847
2718.512757	.090635
2719.477110	.090529
2720.441464	.090771
2721.405817	.090917
2722.370171	.090799
2723.334525	.090637
2724.298878	.090648
2725.263232	.090827
2726.227585	.09098
2727.191939	.091032
2728.156293	.091124
2729.120646	.091366
2730.085000	.091613
2731.049353	.091641
2732.013707	.09148
2732.978060	.091284
2733.942414	.091001
2734.906768	.090693
2735.871121	.09068
2736.835475	.090885
2737.799828	.090911
2738.764182	.090742
2739.728536	.090652
2740.692889	.090604
2741.657243	.09049
2742.621596	.090565
2743.585950	.090884
2744.550303	.091092
2745.514657	.091083
2746.479011	.091027
2747.443364	.090958
2748.407718	.090907
2749.372071	.090972
2750.336425	.091105
2751.300779	.091246
2752.265132	.091437
2753.229486	.091662
2754.193839	.091746
2755.158193	.091575
2756.122546	.091435
2757.086900	.091549
2758.051254	.091616
2759.015607	.091532
2759.979961	.091515
2760.944314	.091439
2761.908668	.09121
2762.873022	.090972
2763.837375	.090794
2764.801729	.090835
2765.766082	.091061
2766.730436	.09109
2767.694790	.090919
2768.659143	.090916
2769.623497	.091104
2770.587850	.091248
2771.552204	.091243
2772.516557	.091119
2773.480911	.091185
2774.445265	.09164
2775.409618	.092075
2776.373972	.092138
2777.338325	.092008
2778.302679	.09197
2779.267033	.092086
2780.231386	.092095
2781.195740	.091831
2782.160093	.091524
2783.124447	.091295
2784.088800	.091239
2785.053154	.091425
2786.017508	.091491
2786.981861	.091248
2787.946215	.091087
2788.910568	.091277
2789.874922	.091528
2790.839276	.091475
2791.803629	.091224
2792.767983	.091141
2793.732336	.091369
2794.696690	.091602
2795.661043	.091603
2796.625397	.091709
2797.589751	.092073
2798.554104	.092302
2799.518458	.092308
2800.482811	.092225
2801.447165	.092107
2802.411519	.092216
2803.375872	.09251
2804.340226	.092572
2805.304579	.092203
2806.268933	.091746
2807.233287	.091939
2808.197640	.092462
2809.161994	.09226
2810.126347	.091615
2811.090701	.091416
2812.055054	.091509
2813.019408	.091394
2813.983762	.09125
2814.948115	.091332
2815.912469	.091514
2816.876822	.091721
2817.841176	.091929
2818.805530	.092127
2819.769883	.092296
2820.734237	.092393
2821.698590	.092536
2822.662944	.092807
2823.627297	.092959
2824.591651	.092746
2825.556005	.092375
2826.520358	.092117
2827.484712	.091883
2828.449065	.091662
2829.413419	.091773
2830.377773	.092141
2831.342126	.092267
2832.306480	.092225
2833.270833	.092237
2834.235187	.092041
2835.199541	.091766
2836.163894	.09192
2837.128248	.092328
2838.092601	.092284
2839.056955	.091797
2840.021308	.091498
2840.985662	.09149
2841.950016	.091504
2842.914369	.091572
2843.878723	.091824
2844.843076	.091972
2845.807430	.091756
2846.771784	.091559
2847.736137	.09161
2848.700491	.091644
2849.664844	.091697
2850.629198	.091851
2851.593551	.091776
2852.557905	.091521
2853.522259	.091487
2854.486612	.091645
2855.450966	.091893
2856.415319	.092162
2857.379673	.092231
2858.344027	.092225
2859.308380	.092368
2860.272734	.092503
2861.237087	.092372
2862.201441	.09215
2863.165794	.092178
2864.130148	.092219
2865.094502	.092077
2866.058855	.092121
2867.023209	.092488
2867.987562	.092866
2868.951916	.092954
2869.916270	.09278
2870.880623	.092644
2871.844977	.09271
2872.809330	.092937
2873.773684	.093158
2874.738038	.093127
2875.702391	.092891
2876.666745	.092714
2877.631098	.09271
2878.595452	.092836
2879.559805	.09287
2880.524159	.092656
2881.488513	.092427
2882.452866	.092473
2883.417220	.092776
2884.381573	.093033
2885.345927	.093088
2886.310281	.093015
2887.274634	.092753
2888.238988	.092505
2889.203341	.092744
2890.167695	.09313
2891.132048	.093089
2892.096402	.093051
2893.060756	.093244
2894.025109	.093167
2894.989463	.092862
2895.953816	.092642
2896.918170	.092575
2897.882524	.092726
2898.846877	.092877
2899.811231	.092845
2900.775584	.092829
2901.739938	.092881
2902.704291	.092827
2903.668645	.092658
2904.632999	.092495
2905.597352	.092413
2906.561706	.092417
2907.526059	.092489
2908.490413	.092576
2909.454767	.092533
2910.419120	.092275
2911.383474	.091971
2912.347827	.091963
2913.312181	.092235
2914.276535	.092367
2915.240888	.092321
2916.205242	.092305
2917.169595	.092242
2918.133949	.092041
2919.098302	.091697
2920.062656	.091437
2921.027010	.091673
2921.991363	.092158
2922.955717	.092275
2923.920070	.092248
2924.884424	.092484
2925.848778	.092706
2926.813131	.092684
2927.777485	.092569
2928.741838	.092642
2929.706192	.092904
2930.670545	.092971
2931.634899	.092878
2932.599253	.092947
2933.563606	.093116
2934.527960	.093225
2935.492313	.093166
2936.456667	.093039
2937.421021	.093127
2938.385374	.093282
2939.349728	.093268
2940.314081	.093234
2941.278435	.093253
2942.242789	.093389
2943.207142	.093601
2944.171496	.093631
2945.135849	.093593
2946.100203	.093614
2947.064556	.09357
2948.028910	.093531
2948.993264	.093594
2949.957617	.09373
2950.921971	.093732
2951.886324	.093514
2952.850678	.093374
2953.815032	.09346
2954.779385	.093624
2955.743739	.093664
2956.708092	.093548
2957.672446	.093532
2958.636799	.093645
2959.601153	.093644
2960.565507	.093571
2961.529860	.093654
2962.494214	.093815
2963.458567	.093817
2964.422921	.093799
2965.387275	.094038
2966.351628	.094367
2967.315982	.094419
2968.280335	.094165
2969.244689	.093915
2970.209042	.093933
2971.173396	.094094
2972.137750	.09415
2973.102103	.094119
2974.066457	.094071
2975.030810	.094026
2975.995164	.094135
2976.959518	.094424
2977.923871	.094591
2978.888225	.094525
2979.852578	.09448
2980.816932	.09439
2981.781286	.094016
2982.745639	.093721
2983.709993	.09384
2984.674346	.094006
2985.638700	.093973
2986.603053	.093922
2987.567407	.093859
2988.531761	.093714
2989.496114	.093731
2990.460468	.094122
2991.424821	.094541
2992.389175	.094603
2993.353529	.094514
2994.317882	.094388
2995.282236	.094189
2996.246589	.094256
2997.210943	.094513
2998.175296	.094491
2999.139650	.094374
3000.104004	.094468
3001.068357	.094511
3002.032711	.094315
3002.997064	.094139
3003.961418	.094172
3004.925772	.094276
3005.890125	.094429
3006.854479	.094526
3007.818832	.094172
3008.783186	.093734
3009.747539	.093912
3010.711893	.094326
3011.676247	.094391
3012.640600	.094224
3013.604954	.094077
3014.569307	.09404
3015.533661	.09415
3016.498015	.094369
3017.462368	.09458
3018.426722	.09478
3019.391075	.094935
3020.355429	.094906
3021.319783	.094765
3022.284136	.094653
3023.248490	.094495
3024.212843	.094158
3025.177197	.093827
3026.141550	.093798
3027.105904	.093879
3028.070258	.093761
3029.034611	.09368
3029.998965	.093957
3030.963318	.094277
3031.927672	.094273
3032.892026	.094313
3033.856379	.094558
3034.820733	.094535
3035.785086	.094309
3036.749440	.09428
3037.713793	.094321
3038.678147	.094342
3039.642501	.094548
3040.606854	.094811
3041.571208	.094811
3042.535561	.094681
3043.499915	.094654
3044.464269	.094539
3045.428622	.094221
3046.392976	.093934
3047.357329	.093818
3048.321683	.09382
3049.286037	.093819
3050.250390	.093719
3051.214744	.093577
3052.179097	.093595
3053.143451	.09389
3054.107804	.094202
3055.072158	.09419
3056.036512	.093969
3057.000865	.093844
3057.965219	.09382
3058.929572	.093752
3059.893926	.093666
3060.858280	.09376
3061.822633	.094098
3062.786987	.094387
3063.751340	.094335
3064.715694	.094091
3065.680047	.094066
3066.644401	.094204
3067.608755	.094066
3068.573108	.093875
3069.537462	.0941
3070.501815	.09437
3071.466169	.09414
3072.430523	.093656
3073.394876	.093469
3074.359230	.093565
3075.323583	.093661
3076.287937	.093778
3077.252290	.093978
3078.216644	.094123
3079.180998	.094008
3080.145351	.093671
3081.109705	.09344
3082.074058	.093465
3083.038412	.093661
3084.002766	.093918
3084.967119	.094229
3085.931473	.094587
3086.895826	.094673
3087.860180	.094458
3088.824534	.094341
3089.788887	.094332
3090.753241	.094181
3091.717594	.093914
3092.681948	.09385
3093.646301	.093994
3094.610655	.09402
3095.575009	.093998
3096.539362	.093989
3097.503716	.093818
3098.468069	.093601
3099.432423	.093505
3100.396777	.093453
3101.361130	.093446
3102.325484	.093668
3103.289837	.093933
3104.254191	.093934
3105.218544	.093867
3106.182898	.093801
3107.147252	.093606
3108.111605	.093482
3109.075959	.093589
3110.040312	.093861
3111.004666	.094189
3111.969020	.094281
3112.933373	.094136
3113.897727	.09421
3114.862080	.094381
3115.826434	.094233
3116.790787	.093961
3117.755141	.093823
3118.719495	.093765
3119.683848	.093654
3120.648202	.093473
3121.612555	.093368
3122.576909	.093347
3123.541263	.093342
3124.505616	.093391
3125.469970	.093438
3126.434323	.093461
3127.398677	.093585
3128.363031	.093736
3129.327384	.093755
3130.291738	.093731
3131.256091	.093731
3132.220445	.093691
3133.184798	.093756
3134.149152	.094038
3135.113506	.094149
3136.077859	.093872
3137.042213	.093741
3138.006566	.093972
3138.970920	.094071
3139.935274	.093862
3140.899627	.093635
3141.863981	.093533
3142.828334	.093371
3143.792688	.093043
3144.757041	.092917
3145.721395	.093222
3146.685749	.093576
3147.650102	.093637
3148.614456	.093439
3149.578809	.093233
3150.543163	.093244
3151.507517	.093407
3152.471870	.09355
3153.436224	.09356
3154.400577	.093386
3155.364931	.09313
3156.329284	.093079
3157.293638	.093398
3158.257992	.093724
3159.222345	.093883
3160.186699	.094064
3161.151052	.094112
3162.115406	.094008
3163.079760	.093876
3164.044113	.09361
3165.008467	.093378
3165.972820	.093414
3166.937174	.09357
3167.901528	.093578
3168.865881	.093399
3169.830235	.093156
3170.794588	.092975
3171.758942	.093022
3172.723295	.093303
3173.687649	.093479
3174.652003	.093344
3175.616356	.093238
3176.580710	.09349
3177.545063	.093819
3178.509417	.093836
3179.473771	.093598
3180.438124	.09332
3181.402478	.093204
3182.366831	.093314
3183.331185	.093431
3184.295538	.093476
3185.259892	.093548
3186.224246	.093535
3187.188599	.093382
3188.152953	.093152
3189.117306	.09284
3190.081660	.092654
3191.046014	.092682
3192.010367	.092708
3192.974721	.092763
3193.939074	.092807
3194.903428	.09285
3195.867782	.093104
3196.832135	.093225
3197.796489	.093066
3198.760842	.093097
3199.725196	.093273
3200.689549	.0933
3201.653903	.09326
3202.618257	.093132
3203.582610	.09296
3204.546964	.092996
3205.511317	.09312
3206.475671	.09317
3207.440025	.093165
3208.404378	.093023
3209.368732	.09289
3210.333085	.092988
3211.297439	.093183
3212.261792	.093083
3213.226146	.092654
3214.190500	.092456
3215.154853	.092671
3216.119207	.09282
3217.083560	.092756
3218.047914	.092744
3219.012268	.092809
3219.976621	.092831
3220.940975	.09279
3221.905328	.092831
3222.869682	.093088
3223.834035	.09329
3224.798389	.093287
3225.762743	.093331
3226.727096	.093424
3227.691450	.093289
3228.655803	.092911
3229.620157	.092644
3230.584511	.092694
3231.548864	.092921
3232.513218	.093116
3233.477571	.093143
3234.441925	.093062
3235.406279	.092957
3236.370632	.092627
3237.334986	.092116
3238.299339	.091941
3239.263693	.092202
3240.228046	.092567
3241.192400	.092897
3242.156754	.093109
3243.121107	.093064
3244.085461	.092702
3245.049814	.09236
3246.014168	.092493
3246.978522	.092913
3247.942875	.093158
3248.907229	.093173
3249.871582	.093062
3250.835936	.092862
3251.800289	.092734
3252.764643	.092857
3253.728997	.093178
3254.693350	.093359
3255.657704	.093155
3256.622057	.092794
3257.586411	.09247
3258.550765	.092137
3259.515118	.091986
3260.479472	.092203
3261.443825	.092409
3262.408179	.092386
3263.372532	.092403
3264.336886	.092401
3265.301240	.092378
3266.265593	.092529
3267.229947	.092706
3268.194300	.092761
3269.158654	.092663
3270.123008	.092528
3271.087361	.092478
3272.051715	.092434
3273.016068	.092468
3273.980422	.092637
3274.944776	.092732
3275.909129	.092706
3276.873483	.092666
3277.837836	.092479
3278.802190	.092092
3279.766543	.091767
3280.730897	.091788
3281.695251	.09207
3282.659604	.092101
3283.623958	.091902
3284.588311	.092004
3285.552665	.09231
3286.517019	.092352
3287.481372	.09205
3288.445726	.091692
3289.410079	.091625
3290.374433	.091985
3291.338786	.092451
3292.303140	.092613
3293.267494	.092513
3294.231847	.092305
3295.196201	.092108
3296.160554	.092162
3297.124908	.092368
3298.089262	.092313
3299.053615	.092061
3300.017969	.0921
3300.982322	.092494
3301.946676	.09284
3302.911030	.092828
3303.875383	.092463
3304.839737	.092103
3305.804090	.092086
3306.768444	.09224
3307.732797	.092327
3308.697151	.092353
3309.661505	.092325
3310.625858	.092334
3311.590212	.092451
3312.554565	.092561
3313.518919	.092513
3314.483273	.092345
3315.447626	.092256
3316.411980	.0922
3317.376333	.092076
3318.340687	.091973
3319.305040	.091959
3320.269394	.092067
3321.233748	.092127
3322.198101	.092037
3323.162455	.092063
3324.126808	.092232
3325.091162	.092301
3326.055516	.092235
3327.019869	.092067
3327.984223	.091886
3328.948576	.09179
3329.912930	.091789
3330.877283	.092043
3331.841637	.092332
3332.805991	.092105
3333.770344	.091714
3334.734698	.091878
3335.699051	.0924
3336.663405	.092543
3337.627759	.092173
3338.592112	.091909
3339.556466	.092029
3340.520819	.092287
3341.485173	.092544
3342.449527	.092659
3343.413880	.092575
3344.378234	.092469
3345.342587	.092396
3346.306941	.092241
3347.271294	.09205
3348.235648	.092015
3349.200002	.092082
3350.164355	.092072
3351.128709	.091952
3352.093062	.091734
3353.057416	.091537
3354.021770	.091294
3354.986123	.090906
3355.950477	.090767
3356.914830	.091001
3357.879184	.091131
3358.843537	.091035
3359.807891	.091012
3360.772245	.091352
3361.736598	.091937
3362.700952	.092124
3363.665305	.091836
3364.629659	.09154
3365.594013	.091352
3366.558366	.091511
3367.522720	.091949
3368.487073	.091927
3369.451427	.091513
3370.415780	.091489
3371.380134	.091842
3372.344488	.092072
3373.308841	.092145
3374.273195	.092008
3375.237548	.091526
3376.201902	.091172
3377.166256	.09144
3378.130609	.091837
3379.094963	.091526
3380.059316	.090845
3381.023670	.090618
3381.988024	.090679
3382.952377	.090788
3383.916731	.091147
3384.881084	.091586
3385.845438	.091865
3386.809791	.092035
3387.774145	.091997
3388.738499	.091579
3389.702852	.091125
3390.667206	.09111
3391.631559	.091305
3392.595913	.091346
3393.560267	.091391
3394.524620	.091565
3395.488974	.091702
3396.453327	.091629
3397.417681	.091305
3398.382034	.091077
3399.346388	.091355
3400.310742	.09169
3401.275095	.091379
3402.239449	.090807
3403.203802	.090631
3404.168156	.090735
3405.132510	.09082
3406.096863	.090839
3407.061217	.09083
3408.025570	.090855
3408.989924	.090967
3409.954278	.091064
3410.918631	.091087
3411.882985	.091312
3412.847338	.091613
3413.811692	.091561
3414.776045	.09157
3415.740399	.092072
3416.704753	.092432
3417.669106	.092171
3418.633460	.091716
3419.597813	.091312
3420.562167	.090872
3421.526521	.090699
3422.490874	.09103
3423.455228	.091482
3424.419581	.091481
3425.383935	.09111
3426.348288	.090982
3427.312642	.091124
3428.276996	.091124
3429.241349	.090985
3430.205703	.090948
3431.170056	.091062
3432.134410	.091252
3433.098764	.091527
3434.063117	.09169
3435.027471	.09134
3435.991824	.090644
3436.956178	.09034
3437.920531	.09057
3438.884885	.090814
3439.849239	.090927
3440.813592	.090864
3441.777946	.090532
3442.742299	.090362
3443.706653	.090603
3444.671007	.090858
3445.635360	.090715
3446.599714	.090357
3447.564067	.090295
3448.528421	.09053
3449.492775	.090745
3450.457128	.090786
3451.421482	.090648
3452.385835	.090475
3453.350189	.090378
3454.314542	.090333
3455.278896	.090363
3456.243250	.090526
3457.207603	.090581
3458.171957	.090508
3459.136310	.090673
3460.100664	.0908
3461.065018	.090538
3462.029371	.090193
3462.993725	.090131
3463.958078	.090498
3464.922432	.090958
3465.886785	.09111
3466.851139	.091072
3467.815493	.091156
3468.779846	.09135
3469.744200	.091072
3470.708553	.090414
3471.672907	.090434
3472.637261	.091014
3473.601614	.091076
3474.565968	.090492
3475.530321	.089967
3476.494675	.090114
3477.459028	.090705
3478.423382	.090931
3479.387736	.090947
3480.352089	.091181
3481.316443	.09108
3482.280796	.090578
3483.245150	.090149
3484.209504	.089774
3485.173857	.089628
3486.138211	.089807
3487.102564	.090135
3488.066918	.09053
3489.031272	.090595
3489.995625	.090281
3490.959979	.090132
3491.924332	.090307
3492.888686	.090547
3493.853039	.090553
3494.817393	.090442
3495.781747	.09049
3496.746100	.090522
3497.710454	.090533
3498.674807	.090722
3499.639161	.090829
3500.603515	.090485
3501.567868	.089999
3502.532222	.090177
3503.496575	.090767
3504.460929	.090817
3505.425282	.090437
3506.389636	.090225
3507.353990	.090383
3508.318343	.090776
3509.282697	.091074
3510.247050	.09106
3511.211404	.090823
3512.175758	.090621
3513.140111	.090461
3514.104465	.090283
3515.068818	.090306
3516.033172	.090464
3516.997526	.09031
3517.961879	.090033
3518.926233	.090163
3519.890586	.090243
3520.854940	.089755
3521.819293	.089351
3522.783647	.089593
3523.748001	.089987
3524.712354	.089906
3525.676708	.089496
3526.641061	.08935
3527.605415	.089495
3528.569769	.089583
3529.534122	.089793
3530.498476	.090079
3531.462829	.089997
3532.427183	.089878
3533.391536	.090175
3534.355890	.090475
3535.320244	.090411
3536.284597	.090245
3537.248951	.090085
3538.213304	.089835
3539.177658	.089736
3540.142012	.089939
3541.106365	.090181
3542.070719	.090115
3543.035072	.089576
3543.999426	.088841
3544.963779	.088522
3545.928133	.088788
3546.892487	.08933
3547.856840	.089912
3548.821194	.090138
3549.785547	.089874
3550.749901	.08967
3551.714255	.089892
3552.678608	.090189
3553.642962	.090022
3554.607315	.089711
3555.571669	.089757
3556.536023	.089603
3557.500376	.089118
3558.464730	.089178
3559.429083	.089782
3560.393437	.090029
3561.357790	.089721
3562.322144	.08941
3563.286498	.089261
3564.250851	.088868
3565.215205	.088156
3566.179558	.087844
3567.143912	.088434
3568.108266	.089153
3569.072619	.089259
3570.036973	.089301
3571.001326	.089557
3571.965680	.089522
3572.930033	.089298
3573.894387	.089392
3574.858741	.089714
3575.823094	.08978
3576.787448	.089586
3577.751801	.089485
3578.716155	.08964
3579.680509	.090075
3580.644862	.090552
3581.609216	.090743
3582.573569	.090534
3583.537923	.090069
3584.502276	.089493
3585.466630	.088762
3586.430984	.088186
3587.395337	.088069
3588.359691	.08827
3589.324044	.088695
3590.288398	.089117
3591.252752	.089221
3592.217105	.089205
3593.181459	.089331
3594.145812	.089242
3595.110166	.088975
3596.074520	.089098
3597.038873	.089601
3598.003227	.090167
3598.967580	.09034
3599.931934	.089991
3600.896287	.089699
3601.860641	.089642
3602.824995	.089643
3603.789348	.089728
3604.753702	.089752
3605.718055	.08973
3606.682409	.089692
3607.646763	.089223
3608.611116	.088573
3609.575470	.088558
3610.539823	.088964
3611.504177	.08912
3612.468530	.089024
3613.432884	.089017
3614.397238	.089142
3615.361591	.089172
3616.325945	.089133
3617.290298	.089218
3618.254652	.089271
3619.219006	.089121
3620.183359	.089093
3621.147713	.089423
3622.112066	.089968
3623.076420	.090432
3624.040774	.090544
3625.005127	.090342
3625.969481	.089792
3626.933834	.088809
3627.898188	.087954
3628.862541	.088074
3629.826895	.089104
3630.791249	.090266
3631.755602	.090887
3632.719956	.090781
3633.684309	.090773
3634.648663	.091282
3635.613017	.091632
3636.577370	.091672
3637.541724	.09152
3638.506077	.091129
3639.470431	.090882
3640.434784	.091061
3641.399138	.091488
3642.363492	.091723
3643.327845	.091446
3644.292199	.091018
3645.256552	.090841
3646.220906	.090437
3647.185260	.08942
3648.149613	.088644
3649.113967	.088877
3650.078320	.089834
3651.042674	.091188
3652.007027	.092333
3652.971381	.09247
3653.935735	.091919
3654.900088	.091484
3655.864442	.091573
3656.828795	.092205
3657.793149	.092769
3658.757503	.092861
3659.721856	.092855
3660.686210	.093037
3661.650563	.093171
3662.614917	.093122
3663.579271	.09306
3664.543624	.093141
3665.507978	.093254
3666.472331	.092962
3667.436685	.09207
3668.401038	.090943
3669.365392	.090308
3670.329746	.090895
3671.294099	.092276
3672.258453	.093013
3673.222806	.092405
3674.187160	.090744
3675.151514	.089721
3676.115867	.091174
3677.080221	.09353
3678.044574	.094257
3679.008928	.093563
3679.973281	.093199
3680.937635	.093712
3681.901989	.094358
3682.866342	.09461
3683.830696	.094551
3684.795049	.094284
3685.759403	.093576
3686.723757	.092457
3687.688110	.091759
3688.652464	.092067
3689.616817	.092345
3690.581171	.0923
3691.545524	.092974
3692.509878	.093885
3693.474232	.093951
3694.438585	.093658
3695.402939	.093622
3696.367292	.093732
3697.331646	.094081
3698.296000	.094709
3699.260353	.094991
3700.224707	.094502
3701.189060	.09397
3702.153414	.094335
3703.117768	.095071
3704.082121	.095203
3705.046475	.094785
3706.010828	.09427
3706.975182	.093857
3707.939535	.09349
3708.903889	.093157
3709.868243	.09284
3710.832596	.092409
3711.796950	.092491
3712.761303	.093564
3713.725657	.094434
3714.690011	.094538
3715.654364	.094749
3716.618718	.095213
3717.583071	.095101
3718.547425	.094528
3719.511778	.094294
3720.476132	.094264
3721.440486	.094058
3722.404839	.093838
3723.369193	.093767
3724.333546	.093918
3725.297900	.094058
3726.262254	.093878
3727.226607	.093809
3728.190961	.094193
3729.155314	.094536
3730.119668	.094297
3731.084022	.093482
3732.048375	.092676
3733.012729	.092317
3733.977082	.092138
3734.941436	.092045
3735.905789	.092359
3736.870143	.093093
3737.834497	.093782
3738.798850	.094102
3739.763204	.094355
3740.727557	.09467
3741.691911	.094267
3742.656265	.092779
3743.620618	.091286
3744.584972	.091488
3745.549325	.093119
3746.513679	.094111
3747.478032	.093521
3748.442386	.09207
3749.406740	.091585
3750.371093	.092109
3751.335447	.092394
3752.299800	.09279
3753.264154	.093601
3754.228508	.094195
3755.192861	.094486
3756.157215	.094553
3757.121568	.094369
3758.085922	.094201
3759.050275	.094097
3760.014629	.093987
3760.978983	.094264
3761.943336	.094845
3762.907690	.095064
3763.872043	.094984
3764.836397	.09511
3765.800751	.095398
3766.765104	.095539
3767.729458	.095131
3768.693811	.094308
3769.658165	.094119
3770.622519	.094788
3771.586872	.09562
3772.551226	.096297
3773.515579	.096518
3774.479933	.096307
3775.444286	.096025
3776.408640	.09574
3777.372994	.095163
3778.337347	.094221
3779.301701	.093827
3780.266054	.094601
3781.230408	.095506
3782.194762	.095554
3783.159115	.09526
3784.123469	.095461
3785.087822	.09573
3786.052176	.095519
3787.016529	.095367
3787.980883	.095717
3788.945237	.096162
3789.909590	.09622
3790.873944	.096084
3791.838297	.096138
3792.802651	.096268
3793.767005	.096275
3794.731358	.095989
3795.695712	.095203
3796.660065	.094446
3797.624419	.094528
3798.588772	.094831
3799.553126	.094136
3800.517480	.093012
3801.481833	.093191
3802.446187	.094201
3803.410540	.094574
3804.374894	.094368
3805.339248	.093899
3806.303601	.093461
3807.267955	.093482
3808.232308	.09383
3809.196662	.094253
3810.161016	.094814
3811.125369	.095467
3812.089723	.095903
3813.054076	.095774
3814.018430	.094995
3814.982783	.093886
3815.947137	.093461
3816.911491	.094236
3817.875844	.094775
3818.840198	.094151
3819.804551	.093087
3820.768905	.092682
3821.733259	.093347
3822.697612	.094346
3823.661966	.094807
3824.626319	.094678
3825.590673	.094484
3826.555026	.094711
3827.519380	.095055
3828.483734	.094826
3829.448087	.094308
3830.412441	.094125
3831.376794	.094216
3832.341148	.094477
3833.305502	.094686
3834.269855	.094372
3835.234209	.093612
3836.198562	.092821
3837.162916	.092477
3838.127269	.092729
3839.091623	.092919
3840.055977	.093038
3841.020330	.093662
3841.984684	.09453
3842.949037	.09473
3843.913391	.094348
3844.877745	.094491
3845.842098	.095317
3846.806452	.096044
3847.770805	.095959
3848.735159	.095077
3849.699513	.093965
3850.663866	.092859
3851.628220	.091853
3852.592573	.09097
3853.556927	.090761
3854.521280	.092034
3855.485634	.093561
3856.449988	.094265
3857.414341	.094492
3858.378695	.0946
3859.343048	.094471
3860.307402	.094268
3861.271756	.094418
3862.236109	.094544
3863.200463	.094044
3864.164816	.093363
3865.129170	.093432
3866.093523	.094098
3867.057877	.094436
3868.022231	.094099
3868.986584	.093579
3869.950938	.09371
3870.915291	.094056
3871.879645	.093827
3872.843999	.093361
3873.808352	.09338
3874.772706	.094172
3875.737059	.094778
3876.701413	.094346
3877.665767	.093545
3878.630120	.093232
3879.594474	.093447
3880.558827	.093846
3881.523181	.093966
3882.487534	.093879
3883.451888	.093979
3884.416242	.094013
3885.380595	.094089
3886.344949	.094944
3887.309302	.095945
3888.273656	.095946
3889.238010	.094891
3890.202363	.093797
3891.166717	.093827
3892.131070	.094628
3893.095424	.094993
3894.059777	.094817
3895.024131	.09462
3895.988485	.094712
3896.952838	.094849
3897.917192	.09434
3898.881545	.093415
3899.845899	.092933
3900.810253	.092732
3901.774606	.09251
3902.738960	.092458
3903.703313	.092657
3904.667667	.093252
3905.632020	.094243
3906.596374	.095101
3907.560728	.09533
3908.525081	.095121
3909.489435	.094995
3910.453788	.095099
3911.418142	.095261
3912.382496	.095381
3913.346849	.095493
3914.311203	.095462
3915.275556	.094994
3916.239910	.094295
3917.204264	.094094
3918.168617	.094407
3919.132971	.09461
3920.097324	.094602
3921.061678	.094527
3922.026031	.094559
3922.990385	.094823
3923.954739	.094981
3924.919092	.094841
3925.883446	.094515
3926.847799	.09418
3927.812153	.094251
3928.776507	.094658
3929.740860	.09478
3930.705214	.094576
3931.669567	.094513
3932.633921	.094769
3933.598274	.095264
3934.562628	.09578
3935.526982	.095962
3936.491335	.095952
3937.455689	.096143
3938.420042	.096265
3939.384396	.095861
3940.348750	.0952
3941.313103	.094896
3942.277457	.09501
3943.241810	.095194
3944.206164	.09521
3945.170517	.09497
3946.134871	.094517
3947.099225	.094107
3948.063578	.094125
3949.027932	.094423
3949.992285	.094488
3950.956639	.094325
3951.920993	.094306
3952.885346	.094575
3953.849700	.094913
3954.814053	.095176
3955.778407	.095434
3956.742761	.095636
3957.707114	.095703
3958.671468	.095623
3959.635821	.095527
3960.600175	.095609
3961.564528	.095533
3962.528882	.094994
3963.493236	.094708
3964.457589	.095087
3965.421943	.095394
3966.386296	.095268
3967.350650	.095082
3968.315004	.094906
3969.279357	.09453
3970.243711	.094336
3971.208064	.094843
3972.172418	.095215
3973.136771	.094773
3974.101125	.094536
3975.065479	.094707
3976.029832	.094703
3976.994186	.095038
3977.958539	.095643
3978.922893	.095668
3979.887247	.095125
3980.851600	.094786
3981.815954	.095301
3982.780307	.096047
3983.744661	.096001
3984.709015	.095555
3985.673368	.095465
3986.637722	.09553
3987.602075	.095301
3988.566429	.094948
3989.530782	.094743
3990.495136	.094587
3991.459490	.094594
3992.423843	.094773
3993.388197	.094769
3994.352550	.094759
3995.316904	.09503
3996.281258	.095362
3997.245611	.09538
3998.209965	.094729
3999.174318	.093939
4000.138672	.094088
