499.535156	.0050029
500.499510	.0050454
501.463863	.005082
502.428217	.0045189
503.392571	.0045098
504.356924	.0051391
505.321278	.0049838
506.285631	.00366
507.249985	.0031528
508.214339	.0045993
509.178692	.006503
510.143046	.0065189
511.107399	.0048645
512.071753	.004105
513.036106	.0045358
514.000460	.0038803
514.964814	.0028569
515.929167	.0032927
516.893521	.0040906
517.857874	.0041221
518.822228	.0035496
519.786582	.0021858
520.750935	.0012394
521.715289	.0024292
522.679642	.0044789
523.643996	.0052244
524.608349	.0051407
525.572703	.0050577
526.537057	.0049832
527.501410	.0045263
528.465764	.0036371
529.430117	.0029407
530.394471	.0030596
531.358825	.0035346
532.323178	.0039041
533.287532	.0045611
534.251885	.0059948
535.216239	.0067365
536.180593	.005891
537.144946	.0048516
538.109300	.0045504
539.073653	.0044035
540.038007	.0046388
541.002360	.0051567
541.966714	.004547
542.931068	.0033053
543.895421	.0034549
544.859775	.0041904
545.824128	.0038709
546.788482	.0038537
547.752836	.0049655
548.717189	.0057101
549.681543	.0054231
550.645896	.0044042
551.610250	.0036807
552.574603	.0039484
553.538957	.00472
554.503311	.0051235
555.467664	.0051455
556.432018	.004607
557.396371	.0040056
558.360725	.0043874
559.325079	.0046506
560.289432	.0035562
561.253786	.0028937
562.218139	.0039799
563.182493	.0050857
564.146846	.0046267
565.111200	.0039418
566.075554	.0041979
567.039907	.0046034
568.004261	.0047047
568.968614	.0048293
569.932968	.004731
570.897322	.0042358
571.861675	.0041981
572.826029	.0049907
573.790382	.005285
574.754736	.0046528
575.719090	.0043639
576.683443	.0046976
577.647797	.0048879
578.612150	.0046685
579.576504	.004083
580.540857	.0038721
581.505211	.0046003
582.469565	.0050173
583.433918	.0037165
584.398272	.0023189
585.362625	.0027954
586.326979	.0042409
587.291333	.0050386
588.255686	.0048435
589.220040	.004127
590.184393	.0038979
591.148747	.0043741
592.113100	.0045277
593.077454	.0038153
594.041808	.0031466
595.006161	.0032434
595.970515	.0038199
596.934868	.0038861
597.899222	.0035365
598.863576	.0036096
599.827929	.0040526
600.792283	.0043407
601.756636	.004118
602.720990	.0036654
603.685343	.0034947
604.649697	.0034576
605.614051	.0034725
606.578404	.0035098
607.542758	.0034177
608.507111	.0033932
609.471465	.0038044
610.435819	.004404
611.400172	.0044239
612.364526	.0037077
613.328879	.0032573
614.293233	.0034352
615.257587	.0036864
616.221940	.0038178
617.186294	.0037949
618.150647	.0033485
619.115001	.0025969
620.079354	.0017383
621.043708	.0014821
622.008062	.0020026
622.972415	.0030227
623.936769	.004094
624.901122	.004927
625.865476	.0048473
626.829830	.0033701
627.794183	.0019291
628.758537	.0021364
629.722890	.0029958
630.687244	.003516
631.651597	.003656
632.615951	.0041538
633.580305	.0040266
634.544658	.002792
635.509012	.0018381
636.473365	.002137
637.437719	.0028209
638.402073	.0033013
639.366426	.003199
640.330780	.0026073
641.295133	.0017758
642.259487	.0013133
643.223841	.0016386
644.188194	.0021295
645.152548	.0022359
646.116901	.002361
647.081255	.002616
648.045608	.002539
649.009962	.0021884
649.974316	.0018973
650.938669	.0021054
651.903023	.0028056
652.867376	.0031877
653.831730	.0028491
654.796084	.00221
655.760437	.0018344
656.724791	.001985
657.689144	.0025645
658.653498	.003105
659.617851	.003205
660.582205	.0027851
661.546559	.0022392
662.510912	.0020773
663.475266	.0020241
664.439619	.0020069
665.403973	.0025111
666.368327	.0032199
667.332680	.0038729
668.297034	.0039529
669.261387	.0034882
670.225741	.003044
671.190094	.0026266
672.154448	.0022591
673.118802	.0021518
674.083155	.0021838
675.047509	.0020736
676.011862	.0020438
676.976216	.0025861
677.940570	.0032256
678.904923	.0033025
679.869277	.0028536
680.833630	.0023848
681.797984	.0021271
682.762338	.0019102
683.726691	.0018841
684.691045	.0022157
685.655398	.0024791
686.619752	.0026262
687.584105	.0028838
688.548459	.0029652
689.512813	.0026897
690.477166	.0022567
691.441520	.0019283
692.405873	.0020382
693.370227	.0021635
694.334581	.0018125
695.298934	.0015605
696.263288	.0021371
697.227641	.0027684
698.191995	.0027583
699.156348	.0025468
700.120702	.0025251
701.085056	.0023408
702.049409	.0020118
703.013763	.0019706
703.978116	.0021555
704.942470	.0021739
705.906824	.0022663
706.871177	.0024736
707.835531	.0025899
708.799884	.0025094
709.764238	.002231
710.728591	.002071
711.692945	.0023211
712.657299	.0026108
713.621652	.002726
714.586006	.0027022
715.550359	.002225
716.514713	.0016693
717.479067	.0018888
718.443420	.0022995
719.407774	.0022238
720.372127	.0022128
721.336481	.0024855
722.300835	.0027086
723.265188	.0026345
724.229542	.0019754
725.193895	.0018778
726.158249	.0026622
727.122602	.0029791
728.086956	.0026499
729.051310	.0023479
730.015663	.0021208
730.980017	.0018988
731.944370	.0017993
732.908724	.0020163
733.873078	.0022686
734.837431	.0021947
735.801785	.0020612
736.766138	.0022287
737.730492	.0023667
738.694845	.0021672
739.659199	.0019567
740.623553	.0018841
741.587906	.001848
742.552260	.0019346
743.516613	.0021233
744.480967	.0023498
745.445321	.0025269
746.409674	.0023678
747.374028	.001671
748.338381	.0011936
749.302735	.0013702
750.267088	.0016357
751.231442	.0018185
752.195796	.0021591
753.160149	.0023909
754.124503	.0024079
755.088856	.0023715
756.053210	.0024054
757.017564	.0022962
757.981917	.0019237
758.946271	.001686
759.910624	.0016969
760.874978	.0015644
761.839332	.0016114
762.803685	.0019595
763.768039	.0022737
764.732392	.002299
765.696746	.0021524
766.661099	.0019405
767.625453	.0017564
768.589807	.0018071
769.554160	.002205
770.518514	.0025629
771.482867	.0026204
772.447221	.0025139
773.411575	.0024507
774.375928	.0024354
775.340282	.0023973
776.304635	.0022955
777.268989	.002148
778.233342	.0020307
779.197696	.0020047
780.162050	.0019779
781.126403	.0020335
782.090757	.0022474
783.055110	.0021823
784.019464	.0017225
784.983818	.0016564
785.948171	.0020988
786.912525	.0022679
787.876878	.0020067
788.841232	.0020332
789.805586	.0023691
790.769939	.002398
791.734293	.0024005
792.698646	.002467
793.663000	.002267
794.627353	.0022014
795.591707	.0023371
796.556061	.0023848
797.520414	.002256
798.484768	.0018722
799.449121	.0015338
800.413475	.0016018
801.377829	.0017519
802.342182	.0019193
803.306536	.0022212
804.270889	.0023465
805.235243	.00221
806.199596	.0020996
807.163950	.0021127
808.128304	.0019716
809.092657	.0015957
810.057011	.0014575
811.021364	.0016454
811.985718	.0016287
812.950072	.0012594
813.914425	.0011604
814.878779	.0015341
815.843132	.0018892
816.807486	.001845
817.771839	.0014715
818.736193	.0012577
819.700547	.0015399
820.664900	.0020193
821.629254	.0022856
822.593607	.0021776
823.557961	.001843
824.522315	.0016195
825.486668	.0016496
826.451022	.0019394
827.415375	.0021424
828.379729	.0017856
829.344083	.0014236
830.308436	.001604
831.272790	.0021039
832.237143	.0023323
833.201497	.0021233
834.165850	.0017088
835.130204	.0016459
836.094558	.0019845
837.058911	.0019354
838.023265	.0014525
838.987618	.0013504
839.951972	.0016435
840.916326	.0017446
841.880679	.0015586
842.845033	.0013575
843.809386	.0013172
844.773740	.0014578
845.738093	.0015404
846.702447	.0014607
847.666801	.0013178
848.631154	.0010688
849.595508	.0007187
850.559861	.0007334
851.524215	.0013181
852.488569	.0019524
853.452922	.0019259
854.417276	.001774
855.381629	.0017941
856.345983	.0016983
857.310336	.0018285
858.274690	.0022796
859.239044	.0024706
860.203397	.0023442
861.167751	.0022044
862.132104	.0020872
863.096458	.001973
864.060812	.0018815
865.025165	.0017074
865.989519	.0014527
866.953872	.0013086
867.918226	.0014275
868.882580	.0016551
869.846933	.0018765
870.811287	.0021798
871.775640	.0022928
872.739994	.0019344
873.704347	.001738
874.668701	.0020787
875.633055	.0020922
876.597408	.0014307
877.561762	.0010132
878.526115	.0011745
879.490469	.0014933
880.454823	.0015941
881.419176	.0017236
882.383530	.0019299
883.347883	.002095
884.312237	.0020963
885.276590	.0018511
886.240944	.0015444
887.205298	.001471
888.169651	.0014886
889.134005	.001329
890.098358	.0011104
891.062712	.0010452
892.027066	.0010418
892.991419	.0011107
893.955773	.0013337
894.920126	.0014141
895.884480	.0012055
896.848834	.0011353
897.813187	.0013804
898.777541	.0016179
899.741894	.0016107
900.706248	.0013806
901.670601	.0013228
902.634955	.0016758
903.599309	.0019375
904.563662	.0017471
905.528016	.0014356
906.492369	.0014071
907.456723	.0014831
908.421077	.0012717
909.385430	.0009298
910.349784	.0011463
911.314137	.0015241
912.278491	.0013
913.242844	.0008772
914.207198	.0007606
915.171552	.0008952
916.135905	.0012052
917.100259	.0015053
918.064612	.0015776
919.028966	.0014131
919.993320	.0011479
920.957673	.0009583
921.922027	.0010536
922.886380	.0013136
923.850734	.0013676
924.815087	.0012535
925.779441	.0012255
926.743795	.0011926
927.708148	.0011706
928.672502	.0013008
929.636855	.0015486
930.601209	.0015342
931.565563	.0013461
932.529916	.0014055
933.494270	.0014713
934.458623	.0011584
935.422977	.0007962
936.387331	.0009224
937.351684	.0014379
938.316038	.0016833
939.280391	.0014634
940.244745	.0012143
941.209098	.001257
942.173452	.0014459
943.137806	.0015338
944.102159	.0014825
945.066513	.001517
946.030866	.001652
946.995220	.0016203
947.959574	.0013179
948.923927	.0009195
949.888281	.0005876
950.852634	.0006206
951.816988	.0009562
952.781341	.0011178
953.745695	.0010911
954.710049	.0011938
955.674402	.0012131
956.638756	.0011111
957.603109	.0011866
958.567463	.0013404
959.531817	.0013051
960.496170	.0011197
961.460524	.0009872
962.424877	.0010923
963.389231	.0012615
964.353584	.001305
965.317938	.0012098
966.282292	.0011765
967.246645	.0012728
968.210999	.0011866
969.175352	.0009414
970.139706	.0008764
971.104060	.00092
972.068413	.0008643
973.032767	.000794
973.997120	.0008598
974.961474	.0011303
975.925828	.001503
976.890181	.0015543
977.854535	.001228
978.818888	.0009807
979.783242	.0011098
980.747595	.0013332
981.711949	.0013574
982.676303	.0013535
983.640656	.0014748
984.605010	.0014229
985.569363	.0011437
986.533717	.0009613
987.498071	.0010872
988.462424	.0013521
989.426778	.0014225
990.391131	.0013355
991.355485	.0013798
992.319838	.0014275
993.284192	.0014215
994.248546	.0012691
995.212899	.0009135
996.177253	.0007252
997.141606	.0008773
998.105960	.0011399
999.070314	.0012125
1000.034667	.0011008
1000.999021	.0010192
1001.963374	.001025
1002.927728	.0011855
1003.892082	.0013685
1004.856435	.0014131
1005.820789	.0012454
1006.785142	.0008619
1007.749496	.0005913
1008.713849	.0007269
1009.678203	.0010431
1010.642557	.001247
1011.606910	.0011932
1012.571264	.0010744
1013.535617	.0011224
1014.499971	.0012742
1015.464325	.0014467
1016.428678	.0015186
1017.393032	.0013258
1018.357385	.0011438
1019.321739	.0011207
1020.286092	.0011166
1021.250446	.0011476
1022.214800	.0012529
1023.179153	.0012524
1024.143507	.0010937
1025.107860	.0009293
1026.072214	.0009228
1027.036568	.0010263
1028.000921	.0010126
1028.965275	.0008645
1029.929628	.0007689
1030.893982	.0006866
1031.858335	.00057
1032.822689	.000568
1033.787043	.0007682
1034.751396	.000988
1035.715750	.0010975
1036.680103	.0010498
1037.644457	.0009673
1038.608811	.0010939
1039.573164	.0012607
1040.537518	.00115
1041.501871	.0009678
1042.466225	.0010192
1043.430579	.0010997
1044.394932	.0009247
1045.359286	.0008104
1046.323639	.0010189
1047.287993	.001273
1048.252346	.0013417
1049.216700	.0012755
1050.181054	.0010526
1051.145407	.0009205
1052.109761	.0010079
1053.074114	.0010844
1054.038468	.0011096
1055.002822	.0010741
1055.967175	.0009081
1056.931529	.0009134
1057.895882	.0012101
1058.860236	.0015518
1059.824589	.0016154
1060.788943	.0013828
1061.753297	.0011471
1062.717650	.0011082
1063.682004	.0011316
1064.646357	.0010408
1065.610711	.0009053
1066.575065	.0008114
1067.539418	.0007483
1068.503772	.0009272
1069.468125	.001176
1070.432479	.0011999
1071.396832	.0011033
1072.361186	.0011167
1073.325540	.0011603
1074.289893	.0011237
1075.254247	.0009752
1076.218600	.0008548
1077.182954	.0008366
1078.147308	.0008766
1079.111661	.0009549
1080.076015	.0011073
1081.040368	.0012056
1082.004722	.0012381
1082.969076	.0012829
1083.933429	.0013198
1084.897783	.0011897
1085.862136	.0011145
1086.826490	.0013039
1087.790843	.0014185
1088.755197	.0011597
1089.719551	.0009082
1090.683904	.0010354
1091.648258	.0012962
1092.612611	.0013148
1093.576965	.0011378
1094.541319	.0010334
1095.505672	.0010833
1096.470026	.0012074
1097.434379	.0012137
1098.398733	.0009396
1099.363086	.0007121
1100.327440	.0007854
1101.291794	.0009973
1102.256147	.0012521
1103.220501	.0013751
1104.184854	.0012511
1105.149208	.0012449
1106.113562	.0015219
1107.077915	.0016413
1108.042269	.0014392
1109.006622	.0012638
1109.970976	.0012643
1110.935330	.0012647
1111.899683	.0011022
1112.864037	.0009459
1113.828390	.000994
1114.792744	.0010579
1115.757097	.0009229
1116.721451	.0006678
1117.685805	.0005256
1118.650158	.0007134
1119.614512	.0010726
1120.578865	.0011314
1121.543219	.0009662
1122.507573	.0012439
1123.471926	.0017532
1124.436280	.0016965
1125.400633	.0011956
1126.364987	.0009729
1127.329340	.0010549
1128.293694	.0010627
1129.258048	.0010267
1130.222401	.0010603
1131.186755	.0009989
1132.151108	.0008363
1133.115462	.0007612
1134.079816	.0008723
1135.044169	.0009804
1136.008523	.0009822
1136.972876	.0009947
1137.937230	.0010626
1138.901583	.0011146
1139.865937	.0012088
1140.830291	.0012988
1141.794644	.0011525
1142.758998	.0009081
1143.723351	.000903
1144.687705	.000968
1145.652059	.0008743
1146.616412	.0008101
1147.580766	.000855
1148.545119	.0008595
1149.509473	.0008653
1150.473827	.0009097
1151.438180	.0009542
1152.402534	.0009717
1153.366887	.001015
1154.331241	.0009595
1155.295594	.0006835
1156.259948	.0005715
1157.224302	.0007328
1158.188655	.0007957
1159.153009	.0008321
1160.117362	.0008994
1161.081716	.0008337
1162.046070	.0007098
1163.010423	.0008319
1163.974777	.0011322
1164.939130	.0012339
1165.903484	.0009551
1166.867837	.0006114
1167.832191	.0006757
1168.796545	.000939
1169.760898	.00089
1170.725252	.000647
1171.689605	.000522
1172.653959	.0006108
1173.618313	.0006698
1174.582666	.0006517
1175.547020	.000799
1176.511373	.0010324
1177.475727	.0011436
1178.440080	.0011258
1179.404434	.0009655
1180.368788	.0008546
1181.333141	.000889
1182.297495	.0008049
1183.261848	.0006104
1184.226202	.0006227
1185.190556	.0007283
1186.154909	.000791
1187.119263	.0008605
1188.083616	.0008735
1189.047970	.0007995
1190.012324	.0007898
1190.976677	.0008214
1191.941031	.0007567
1192.905384	.0006594
1193.869738	.0005132
1194.834091	.0003915
1195.798445	.0007251
1196.762799	.0010166
1197.727152	.0009927
1198.691506	.0009913
1199.655859	.0010664
1200.620213	.0010258
1201.584567	.0009195
1202.548920	.0007581
1203.513274	.0005937
1204.477627	.0005713
1205.441981	.0006715
1206.406334	.00077
1207.370688	.000797
1208.335042	.0007205
1209.299395	.0005862
1210.263749	.0005943
1211.228102	.0007861
1212.192456	.0008825
1213.156810	.0007861
1214.121163	.0006843
1215.085517	.0007617
1216.049870	.0009342
1217.014224	.0009766
1217.978578	.0008395
1218.942931	.0007214
1219.907285	.0007209
1220.871638	.0007663
1221.835992	.000728
1222.800345	.0006265
1223.764699	.0005634
1224.729053	.0005807
1225.693406	.000638
1226.657760	.0006653
1227.622113	.0006502
1228.586467	.0005915
1229.550821	.0005055
1230.515174	.0005257
1231.479528	.0006294
1232.443881	.0006109
1233.408235	.0005602
1234.372588	.0005922
1235.336942	.000602
1236.301296	.0006525
1237.265649	.0007744
1238.230003	.0008219
1239.194356	.0007175
1240.158710	.0006548
1241.123064	.0007671
1242.087417	.0007803
1243.051771	.0006268
1244.016124	.0006431
1244.980478	.0007824
1245.944831	.0008217
1246.909185	.0007485
1247.873539	.0007464
1248.837892	.0008452
1249.802246	.0008132
1250.766599	.00057
1251.730953	.0004563
1252.695307	.0005866
1253.659660	.0008025
1254.624014	.0009494
1255.588367	.0010223
1256.552721	.0009858
1257.517075	.0007358
1258.481428	.0004205
1259.445782	.0005397
1260.410135	.0008485
1261.374489	.0008281
1262.338842	.0005918
1263.303196	.0004276
1264.267550	.0003412
1265.231903	.0003824
1266.196257	.0006829
1267.160610	.0009055
1268.124964	.0007385
1269.089318	.0005623
1270.053671	.0006667
1271.018025	.0008993
1271.982378	.0009233
1272.946732	.0007895
1273.911085	.0007831
1274.875439	.0008149
1275.839793	.0007052
1276.804146	.0006093
1277.768500	.0006102
1278.732853	.0006308
1279.697207	.0005973
1280.661561	.0005437
1281.625914	.000555
1282.590268	.0006403
1283.554621	.0006613
1284.518975	.0005785
1285.483328	.0005425
1286.447682	.0006587
1287.412036	.0007973
1288.376389	.0007876
1289.340743	.0006038
1290.305096	.0004086
1291.269450	.0003558
1292.233804	.0004306
1293.198157	.0005609
1294.162511	.0007219
1295.126864	.0007597
1296.091218	.0006445
1297.055572	.0005781
1298.019925	.0006276
1298.984279	.0005898
1299.948632	.0004532
1300.912986	.0005023
1301.877339	.0007622
1302.841693	.0008217
1303.806047	.000643
1304.770400	.0005875
1305.734754	.0007055
1306.699107	.0007916
1307.663461	.0007671
1308.627815	.0006725
1309.592168	.0005561
1310.556522	.0005045
1311.520875	.0005741
1312.485229	.0006455
1313.449582	.0007275
1314.413936	.0008495
1315.378290	.0008779
1316.342643	.0007724
1317.306997	.0007084
1318.271350	.000663
1319.235704	.0006049
1320.200058	.0006879
1321.164411	.000838
1322.128765	.0008574
1323.093118	.0007676
1324.057472	.000704
1325.021825	.0007736
1325.986179	.0008704
1326.950533	.0008215
1327.914886	.0006595
1328.879240	.0005366
1329.843593	.0005153
1330.807947	.0005849
1331.772301	.0006108
1332.736654	.000538
1333.701008	.0005776
1334.665361	.0007732
1335.629715	.0007314
1336.594069	.0004926
1337.558422	.0005143
1338.522776	.0007638
1339.487129	.0008946
1340.451483	.0008549
1341.415836	.0007543
1342.380190	.0006455
1343.344544	.0005723
1344.308897	.0005908
1345.273251	.0006718
1346.237604	.0007163
1347.201958	.000721
1348.166312	.0007534
1349.130665	.0007864
1350.095019	.0008016
1351.059372	.0007662
1352.023726	.0006531
1352.988079	.0005156
1353.952433	.0004227
1354.916787	.0003692
1355.881140	.0004597
1356.845494	.0006865
1357.809847	.0007798
1358.774201	.0006226
1359.738555	.0003969
1360.702908	.0003422
1361.667262	.0005186
1362.631615	.0007761
1363.595969	.0009121
1364.560323	.0008341
1365.524676	.000746
1366.489030	.0007102
1367.453383	.000613
1368.417737	.0004737
1369.382090	.0004939
1370.346444	.000728
1371.310798	.0008483
1372.275151	.0006767
1373.239505	.0005286
1374.203858	.0005993
1375.168212	.0007082
1376.132566	.0006654
1377.096919	.0005983
1378.061273	.0005908
1379.025626	.0005688
1379.989980	.0005004
1380.954333	.0004625
1381.918687	.0005638
1382.883041	.0006956
1383.847394	.0006194
1384.811748	.0004561
1385.776101	.000488
1386.740455	.0006779
1387.704809	.0007571
1388.669162	.0007229
1389.633516	.0006902
1390.597869	.0005597
1391.562223	.0003938
1392.526576	.0003724
1393.490930	.0004313
1394.455284	.0005465
1395.419637	.0007059
1396.383991	.0007407
1397.348344	.0006
1398.312698	.0005004
1399.277052	.0005121
1400.241405	.0004948
1401.205759	.0004821
1402.170112	.0006006
1403.134466	.0008141
1404.098820	.0009567
1405.063173	.0008571
1406.027527	.0006025
1406.991880	.0004782
1407.956234	.0005925
1408.920587	.0006655
1409.884941	.0005676
1410.849295	.0004378
1411.813648	.000376
1412.778002	.00027
1413.742355	.0002501
1414.706709	.0004045
1415.671063	.0006271
1416.635416	.0007304
1417.599770	.0006662
1418.564123	.000475
1419.528477	.0003791
1420.492830	.0004312
1421.457184	.0004416
1422.421538	.0003789
1423.385891	.0004099
1424.350245	.0005169
1425.314598	.0006204
1426.278952	.0007351
1427.243306	.0008012
1428.207659	.0006912
1429.172013	.0005627
1430.136366	.0005823
1431.100720	.0006364
1432.065073	.0005668
1433.029427	.0005361
1433.993781	.0006506
1434.958134	.0006084
1435.922488	.0003596
1436.886841	.0003147
1437.851195	.0004734
1438.815549	.0004894
1439.779902	.0003857
1440.744256	.000436
1441.708609	.0005409
1442.672963	.0005351
1443.637317	.0005597
1444.601670	.000582
1445.566024	.000476
1446.530377	.0004335
1447.494731	.0005464
1448.459084	.0006556
1449.423438	.0006207
1450.387792	.0004681
1451.352145	.0003701
1452.316499	.0005139
1453.280852	.0007826
1454.245206	.0009499
1455.209560	.0009317
1456.173913	.0007818
1457.138267	.0006145
1458.102620	.0006152
1459.066974	.0007281
1460.031327	.0007292
1460.995681	.0006476
1461.960035	.0006367
1462.924388	.000673
1463.888742	.0007019
1464.853095	.0007164
1465.817449	.0006943
1466.781803	.0005908
1467.746156	.0004628
1468.710510	.0004578
1469.674863	.0004933
1470.639217	.0004297
1471.603571	.000367
1472.567924	.0004092
1473.532278	.0005644
1474.496631	.0006583
1475.460985	.0005565
1476.425338	.0004802
1477.389692	.0006198
1478.354046	.0008067
1479.318399	.0008152
1480.282753	.0006196
1481.247106	.0004239
1482.211460	.0003917
1483.175814	.0004678
1484.140167	.0004717
1485.104521	.0004197
1486.068874	.0004047
1487.033228	.0003424
1487.997581	.0003351
1488.961935	.0004954
1489.926289	.0006423
1490.890642	.0006618
1491.854996	.0005939
1492.819349	.0005597
1493.783703	.0005937
1494.748057	.0005988
1495.712410	.0004762
1496.676764	.0002657
1497.641117	.0001845
1498.605471	.0003843
1499.569824	.0005576
1500.534178	.0004148
1501.498532	.0002616
1502.462885	.0003978
1503.427239	.0006303
1504.391592	.0006979
1505.355946	.0004984
1506.320300	.0004614
1507.284653	.0005394
1508.249007	.000642
1509.213360	.0008455
1510.177714	.0011021
1511.142068	.0013486
1512.106421	.0015514
1513.070775	.0018087
1514.035128	.0022308
1514.999482	.002606
1515.963835	.0028133
1516.928189	.0030474
1517.892543	.0035163
1518.856896	.0042246
1519.821250	.0048838
1520.785603	.0052839
1521.749957	.0057654
1522.714311	.0066945
1523.678664	.0078012
1524.643018	.0087374
1525.607371	.0095409
1526.571725	.010433
1527.536078	.011503
1528.500432	.012696
1529.464786	.013996
1530.429139	.015258
1531.393493	.016284
1532.357846	.017108
1533.322200	.018149
1534.286554	.019833
1535.250907	.02183
1536.215261	.023557
1537.179614	.02463
1538.143968	.024813
1539.108321	.024905
1540.072675	.026167
1541.037029	.028166
1542.001382	.030184
1542.965736	.032475
1543.930089	.03458
1544.894443	.03628
1545.858797	.038324
1546.823150	.040576
1547.787504	.042324
1548.751857	.043547
1549.716211	.044699
1550.680565	.046184
1551.644918	.047895
1552.609272	.049024
1553.573625	.049366
1554.537979	.050325
1555.502332	.052187
1556.466686	.052759
1557.431040	.051429
1558.395393	.050406
1559.359747	.05117
1560.324100	.053966
1561.288454	.058206
1562.252808	.061754
1563.217161	.063538
1564.181515	.064451
1565.145868	.065508
1566.110222	.066825
1567.074575	.067915
1568.038929	.068156
1569.003283	.067729
1569.967636	.068357
1570.931990	.070555
1571.896343	.07261
1572.860697	.073827
1573.825051	.074223
1574.789404	.072824
1575.753758	.070759
1576.718111	.07185
1577.682465	.075703
1578.646819	.078618
1579.611172	.079853
1580.575526	.080389
1581.539879	.080807
1582.504233	.08139
1583.468586	.082179
1584.432940	.08308
1585.397294	.083862
1586.361647	.08444
1587.326001	.084949
1588.290354	.085463
1589.254708	.08596
1590.219062	.086458
1591.183415	.086964
1592.147769	.087466
1593.112122	.087903
1594.076476	.088201
1595.040829	.088557
1596.005183	.089145
1596.969537	.089846
1597.933890	.090499
1598.898244	.091081
1599.862597	.091539
1600.826951	.091811
1601.791305	.092052
1602.755658	.092475
1603.720012	.093083
1604.684365	.093656
1605.648719	.094128
1606.613072	.094603
1607.577426	.094978
1608.541780	.095154
1609.506133	.09546
1610.470487	.096114
1611.434840	.096766
1612.399194	.097322
1613.363548	.097792
1614.327901	.097445
1615.292255	.095089
1616.256608	.092005
1617.220962	.092554
1618.185316	.09656
1619.149669	.099491
1620.114023	.1003
1621.078376	.10034
1622.042730	.099724
1623.007083	.098757
1623.971437	.099143
1624.935791	.10101
1625.900144	.10231
1626.864498	.10233
1627.828851	.10235
1628.793205	.10335
1629.757559	.10455
1630.721912	.10521
1631.686266	.1057
1632.650619	.10592
1633.614973	.10445
1634.579326	.10082
1635.543680	.098949
1636.508034	.10166
1637.472387	.10563
1638.436741	.10822
1639.401094	.10965
1640.365448	.11031
1641.329802	.11074
1642.294155	.11121
1643.258509	.11147
1644.222862	.11046
1645.187216	.10762
1646.151569	.1057
1647.115923	.10701
1648.080277	.10987
1649.044630	.11253
1650.008984	.11376
1650.973337	.11101
1651.937691	.10382
1652.902045	.098606
1653.866398	.10192
1654.830752	.10977
1655.795105	.11578
1656.759459	.11863
1657.723813	.11973
1658.688166	.12039
1659.652520	.12083
1660.616873	.12066
1661.581227	.11945
1662.545580	.11841
1663.509934	.11947
1664.474288	.12191
1665.438641	.12361
1666.402995	.12405
1667.367348	.12306
1668.331702	.12068
1669.296056	.11945
1670.260409	.12097
1671.224763	.12318
1672.189116	.12497
1673.153470	.12592
1674.117823	.12435
1675.082177	.12221
1676.046531	.12386
1677.010884	.12758
1677.975238	.1294
1678.939591	.12939
1679.903945	.12926
1680.868299	.12946
1681.832652	.12853
1682.797006	.12479
1683.761359	.11965
1684.725713	.11857
1685.690067	.12408
1686.654420	.13027
1687.618774	.13262
1688.583127	.13284
1689.547481	.13307
1690.511834	.13381
1691.476188	.13489
1692.440542	.13565
1693.404895	.13512
1694.369249	.13134
1695.333602	.12568
1696.297956	.12512
1697.262310	.13007
1698.226663	.13174
1699.191017	.12642
1700.155370	.12137
1701.119724	.12498
1702.084077	.13262
1703.048431	.13611
1704.012785	.13573
1704.977138	.13498
1705.941492	.13513
1706.905845	.13643
1707.870199	.1384
1708.834553	.13953
1709.798906	.13958
1710.763260	.1397
1711.727613	.13998
1712.691967	.13953
1713.656320	.13774
1714.620674	.13565
1715.585028	.13413
1716.549381	.13169
1717.513735	.12951
1718.478088	.13141
1719.442442	.13617
1720.406796	.13964
1721.371149	.14076
1722.335503	.14064
1723.299856	.14041
1724.264210	.14062
1725.228564	.14103
1726.192917	.14122
1727.157271	.14124
1728.121624	.14099
1729.085978	.14009
1730.050331	.13926
1731.014685	.13904
1731.979039	.13718
1732.943392	.13208
1733.907746	.12779
1734.872099	.12971
1735.836453	.1353
1736.800807	.13871
1737.765160	.13875
1738.729514	.13676
1739.693867	.13513
1740.658221	.13613
1741.622574	.13786
1742.586928	.138
1743.551282	.13772
1744.515635	.13802
1745.479989	.1381
1746.444342	.13745
1747.408696	.1363
1748.373050	.13537
1749.337403	.13463
1750.301757	.13301
1751.266110	.13179
1752.230464	.13336
1753.194817	.13591
1754.159171	.13689
1755.123525	.13625
1756.087878	.13461
1757.052232	.13374
1758.016585	.13456
1758.980939	.13554
1759.945293	.13504
1760.909646	.13305
1761.874000	.13182
1762.838353	.13291
1763.802707	.13443
1764.767061	.13475
1765.731414	.13429
1766.695768	.13296
1767.660121	.13111
1768.624475	.1307
1769.588828	.13133
1770.553182	.13019
1771.517536	.12702
1772.481889	.12506
1773.446243	.12673
1774.410596	.12962
1775.374950	.13094
1776.339304	.1314
1777.303657	.13176
1778.268011	.13158
1779.232364	.13086
1780.196718	.13012
1781.161071	.13003
1782.125425	.13046
1783.089779	.13044
1784.054132	.1297
1785.018486	.12931
1785.982839	.12989
1786.947193	.13047
1787.911547	.1304
1788.875900	.12988
1789.840254	.12891
1790.804607	.12731
1791.768961	.12532
1792.733315	.12477
1793.697668	.12656
1794.662022	.12841
1795.626375	.12898
1796.590729	.12921
1797.555082	.12935
1798.519436	.12883
1799.483790	.1281
1800.448143	.12811
1801.412497	.12859
1802.376850	.12895
1803.341204	.12938
1804.305558	.12986
1805.269911	.13014
1806.234265	.13018
1807.198618	.13007
1808.162972	.13006
1809.127325	.13005
1810.091679	.12981
1811.056033	.12979
1812.020386	.13032
1812.984740	.13094
1813.949093	.13141
1814.913447	.13183
1815.877801	.13211
1816.842154	.13224
1817.806508	.13248
1818.770861	.13289
1819.735215	.1333
1820.699568	.13372
1821.663922	.13409
1822.628276	.13424
1823.592629	.13381
1824.556983	.13293
1825.521336	.133
1826.485690	.13443
1827.450044	.1355
1828.414397	.13502
1829.378751	.13389
1830.343104	.13423
1831.307458	.13627
1832.271812	.13802
1833.236165	.13887
1834.200519	.13955
1835.164872	.14018
1836.129226	.14061
1837.093579	.14102
1838.057933	.14167
1839.022287	.14243
1839.986640	.14311
1840.950994	.14373
1841.915347	.14392
1842.879701	.14254
1843.844055	.1406
1844.808408	.14161
1845.772762	.14502
1846.737115	.14721
1847.701469	.1479
1848.665822	.14863
1849.630176	.1497
1850.594530	.15082
1851.558883	.15179
1852.523237	.15258
1853.487590	.15338
1854.451944	.1543
1855.416298	.15522
1856.380651	.15606
1857.345005	.15686
1858.309358	.15771
1859.273712	.15868
1860.238065	.15958
1861.202419	.16035
1862.166773	.16123
1863.131126	.16223
1864.095480	.16298
1865.059833	.16337
1866.024187	.16361
1866.988541	.16367
1867.952894	.16334
1868.917248	.16333
1869.881601	.16491
1870.845955	.16744
1871.810309	.1694
1872.774662	.17065
1873.739016	.1717
1874.703369	.17273
1875.667723	.17376
1876.632076	.17476
1877.596430	.17568
1878.560784	.17656
1879.525137	.1775
1880.489491	.17848
1881.453844	.17939
1882.418198	.18022
1883.382552	.18097
1884.346905	.18164
1885.311259	.18235
1886.275612	.18318
1887.239966	.18386
1888.204319	.18386
1889.168673	.18364
1890.133027	.18452
1891.097380	.18637
1892.061734	.18785
1893.026087	.1887
1893.990441	.18926
1894.954795	.18994
1895.919148	.19102
1896.883502	.19211
1897.847855	.19297
1898.812209	.19384
1899.776562	.19467
1900.740916	.19534
1901.705270	.196
1902.669623	.19668
1903.633977	.19732
1904.598330	.19799
1905.562684	.19873
1906.527038	.19938
1907.491391	.19984
1908.455745	.20015
1909.420098	.20054
1910.384452	.20132
1911.348806	.20242
1912.313159	.20347
1913.277513	.2044
1914.241866	.20514
1915.206220	.2057
1916.170573	.20574
1917.134927	.20489
1918.099281	.20471
1919.063634	.20659
1920.027988	.20887
1920.992341	.2099
1921.956695	.21004
1922.921049	.21032
1923.885402	.21139
1924.849756	.21275
1925.814109	.21369
1926.778463	.21432
1927.742816	.21496
1928.707170	.21565
1929.671524	.21638
1930.635877	.21714
1931.600231	.21792
1932.564584	.21875
1933.528938	.21979
1934.493292	.22093
1935.457645	.22198
1936.421999	.22291
1937.386352	.22372
1938.350706	.22446
1939.315060	.2253
1940.279413	.22614
1941.243767	.22642
1942.208120	.22646
1943.172474	.22749
1944.136827	.22929
1945.101181	.23067
1946.065535	.2316
1947.029888	.2327
1947.994242	.23394
1948.958595	.235
1949.922949	.23599
1950.887303	.23722
1951.851656	.23857
1952.816010	.23977
1953.780363	.24089
1954.744717	.24212
1955.709070	.24347
1956.673424	.24483
1957.637778	.24611
1958.602131	.2474
1959.566485	.24877
1960.530838	.2501
1961.495192	.25131
1962.459546	.25256
1963.423899	.25395
1964.388253	.25537
1965.352606	.25652
1966.316960	.25741
1967.281313	.25856
1968.245667	.26029
1969.210021	.26222
1970.174374	.26398
1971.138728	.26558
1972.103081	.26721
1973.067435	.26891
1974.031789	.27055
1974.996142	.27221
1975.960496	.27403
1976.924849	.27587
1977.889203	.27758
1978.853557	.27927
1979.817910	.28107
1980.782264	.28285
1981.746617	.28453
1982.710971	.28619
1983.675324	.28784
1984.639678	.28943
1985.604032	.29102
1986.568385	.29263
1987.532739	.2942
1988.497092	.29587
1989.461446	.29765
1990.425800	.29909
1991.390153	.30034
1992.354507	.3024
1993.318860	.30522
1994.283214	.30784
1995.247567	.31011
1996.211921	.31221
1997.176275	.31414
1998.140628	.31614
1999.104982	.31822
2000.069335	.32015
2001.033689	.32206
2001.998043	.3241
2002.962396	.32611
2003.926750	.32798
2004.891103	.32969
2005.855457	.33137
2006.819810	.33326
2007.784164	.33526
2008.748518	.33715
2009.712871	.33909
2010.677225	.3413
2011.641578	.34348
2012.605932	.34539
2013.570286	.34716
2014.534639	.34894
2015.498993	.35077
2016.463346	.3527
2017.427700	.35489
2018.392054	.35733
2019.356407	.3597
2020.320761	.36176
2021.285114	.36359
2022.249468	.36542
2023.213821	.36736
2024.178175	.36927
2025.142529	.37096
2026.106882	.3725
2027.071236	.37413
2028.035589	.3758
2028.999943	.37746
2029.964297	.37927
2030.928650	.38123
2031.893004	.38316
2032.857357	.38495
2033.821711	.3867
2034.786064	.38844
2035.750418	.39019
2036.714772	.39213
2037.679125	.39418
2038.643479	.39599
2039.607832	.3975
2040.572186	.39896
2041.536540	.40053
2042.500893	.40204
2043.465247	.40337
2044.429600	.40476
2045.393954	.4063
2046.358308	.40778
2047.322661	.40913
2048.287015	.41047
2049.251368	.41184
2050.215722	.41322
2051.180075	.41468
2052.144429	.41628
2053.108783	.41791
2054.073136	.41944
2055.037490	.42084
2056.001843	.42221
2056.966197	.42362
2057.930551	.42509
2058.894904	.42656
2059.859258	.42791
2060.823611	.42914
2061.787965	.4304
2062.752318	.4316
2063.716672	.43245
2064.681026	.43325
2065.645379	.43446
2066.609733	.43593
2067.574086	.43728
2068.538440	.43842
2069.502794	.43942
2070.467147	.44041
2071.431501	.44159
2072.395854	.44308
2073.360208	.44462
2074.324561	.4459
2075.288915	.44708
2076.253269	.4484
2077.217622	.44977
2078.181976	.45102
2079.146329	.45217
2080.110683	.45332
2081.075037	.45445
2082.039390	.45548
2083.003744	.45648
2083.968097	.45768
2084.932451	.45891
2085.896805	.45988
2086.861158	.46078
2087.825512	.46193
2088.789865	.46307
2089.754219	.46416
2090.718572	.4654
2091.682926	.46664
2092.647280	.46779
2093.611633	.46908
2094.575987	.47051
2095.540340	.47187
2096.504694	.47322
2097.469048	.47469
2098.433401	.4761
2099.397755	.47726
2100.362108	.47829
2101.326462	.47944
2102.290815	.4807
2103.255169	.48196
2104.219523	.48322
2105.183876	.48448
2106.148230	.48569
2107.112583	.48682
2108.076937	.48802
2109.041291	.48941
2110.005644	.49083
2110.969998	.49205
2111.934351	.4933
2112.898705	.49479
2113.863058	.4962
2114.827412	.49744
2115.791766	.49883
2116.756119	.50038
2117.720473	.50185
2118.684826	.50326
2119.649180	.50466
2120.613534	.50598
2121.577887	.5072
2122.542241	.50838
2123.506594	.5096
2124.470948	.51092
2125.435302	.51234
2126.399655	.51368
2127.364009	.51491
2128.328362	.51626
2129.292716	.51782
2130.257069	.51934
2131.221423	.52073
2132.185777	.52204
2133.150130	.52335
2134.114484	.52478
2135.078837	.52621
2136.043191	.5276
2137.007545	.52906
2137.971898	.53049
2138.936252	.53198
2139.900605	.53358
2140.864959	.53499
2141.829312	.53612
2142.793666	.53725
2143.758020	.53853
2144.722373	.53997
2145.686727	.54158
2146.651080	.5431
2147.615434	.54438
2148.579788	.54569
2149.544141	.54717
2150.508495	.54867
2151.472848	.55016
2152.437202	.55162
2153.401556	.55302
2154.365909	.55437
2155.330263	.5557
2156.294616	.55711
2157.258970	.55865
2158.223323	.56013
2159.187677	.56139
2160.152031	.56257
2161.116384	.56384
2162.080738	.5652
2163.045091	.5665
2164.009445	.56762
2164.973799	.56875
2165.938152	.57008
2166.902506	.57154
2167.866859	.573
2168.831213	.5745
2169.795566	.57606
2170.759920	.57758
2171.724274	.57896
2172.688627	.58033
2173.652981	.58185
2174.617334	.58338
2175.581688	.58479
2176.546042	.58607
2177.510395	.58731
2178.474749	.58848
2179.439102	.58962
2180.403456	.59085
2181.367809	.59208
2182.332163	.59321
2183.296517	.59424
2184.260870	.59523
2185.225224	.59633
2186.189577	.59767
2187.153931	.59924
2188.118285	.60081
2189.082638	.60231
2190.046992	.60382
2191.011345	.60528
2191.975699	.60667
2192.940053	.60808
2193.904406	.60942
2194.868760	.61073
2195.833113	.61204
2196.797467	.61335
2197.761820	.61473
2198.726174	.61602
2199.690528	.61695
2200.654881	.6177
2201.619235	.61866
2202.583588	.61977
2203.547942	.62081
2204.512296	.6219
2205.476649	.62312
2206.441003	.62437
2207.405356	.62565
2208.369710	.62704
2209.334063	.62843
2210.298417	.62989
2211.262771	.63145
2212.227124	.63289
2213.191478	.63415
2214.155831	.6354
2215.120185	.63681
2216.084539	.63836
2217.048892	.63976
2218.013246	.64086
2218.977599	.64171
2219.941953	.64244
2220.906306	.6432
2221.870660	.64412
2222.835014	.64508
2223.799367	.64596
2224.763721	.6468
2225.728074	.64757
2226.692428	.6484
2227.656782	.64956
2228.621135	.65099
2229.585489	.65241
2230.549842	.65379
2231.514196	.65521
2232.478550	.65663
2233.442903	.65798
2234.407257	.65936
2235.371610	.66096
2236.335964	.66257
2237.300317	.66387
2238.264671	.66476
2239.229025	.66536
2240.193378	.66596
2241.157732	.66661
2242.122085	.66718
2243.086439	.6677
2244.050793	.6682
2245.015146	.66864
2245.979500	.66915
2246.943853	.66998
2247.908207	.67103
2248.872560	.67219
2249.836914	.67352
2250.801268	.67488
2251.765621	.67608
2252.729975	.67722
2253.694328	.67849
2254.658682	.6798
2255.623036	.68106
2256.587389	.68238
2257.551743	.6836
2258.516096	.68448
2259.480450	.6851
2260.444804	.6855
2261.409157	.68565
2262.373511	.68582
2263.337864	.68612
2264.302218	.68642
2265.266571	.68666
2266.230925	.68707
2267.195279	.68775
2268.159632	.68841
2269.123986	.689
2270.088339	.68983
2271.052693	.69117
2272.017047	.69287
2272.981400	.69441
2273.945754	.69562
2274.910107	.69681
2275.874461	.6981
2276.838814	.69932
2277.803168	.70046
2278.767522	.70157
2279.731875	.70258
2280.696229	.70338
2281.660582	.70391
2282.624936	.70417
2283.589290	.70411
2284.553643	.70387
2285.517997	.70356
2286.482350	.70321
2287.446704	.70296
2288.411057	.7029
2289.375411	.70314
2290.339765	.70368
2291.304118	.70435
2292.268472	.70507
2293.232825	.70587
2294.197179	.7067
2295.161533	.70737
2296.125886	.70795
2297.090240	.70844
2298.054593	.70883
2299.018947	.70905
2299.983301	.70902
2300.947654	.70875
2301.912008	.70806
2302.876361	.70699
2303.840715	.70576
2304.805068	.70449
2305.769422	.703
2306.733776	.70105
2307.698129	.69895
2308.662483	.69708
2309.626836	.69542
2310.591190	.69375
2311.555544	.69248
2312.519897	.69185
2313.484251	.69162
2314.448604	.69187
2315.412958	.69212
2316.377311	.69189
2317.341665	.69088
2318.306019	.68882
2319.270372	.68641
2320.234726	.68412
2321.199079	.68186
2322.163433	.67961
2323.127787	.67784
2324.092140	.67707
2325.056494	.67666
2326.020847	.67573
2326.985201	.6739
2327.949554	.67132
2328.913908	.66833
2329.878262	.66568
2330.842615	.66442
2331.806969	.66455
2332.771322	.66554
2333.735676	.66715
2334.700030	.66829
2335.664383	.66785
2336.628737	.6674
2337.593090	.66817
2338.557444	.66857
2339.521798	.66807
2340.486151	.66795
2341.450505	.66843
2342.414858	.66859
2343.379212	.66838
2344.343565	.66893
2345.307919	.67133
2346.272273	.6765
2347.236626	.68492
2348.200980	.69351
2349.165333	.69589
2350.129687	.69004
2351.094041	.68053
2352.058394	.67234
2353.022748	.66611
2353.987101	.66072
2354.951455	.65634
2355.915808	.65342
2356.880162	.65142
2357.844516	.65005
2358.808869	.64948
2359.773223	.64977
2360.737576	.65069
2361.701930	.65202
2362.666284	.6535
2363.630637	.65507
2364.594991	.65722
2365.559344	.66004
2366.523698	.66306
2367.488052	.66604
2368.452405	.66919
2369.416759	.67244
2370.381112	.6758
2371.345466	.67945
2372.309819	.68342
2373.274173	.6878
2374.238527	.6927
2375.202880	.69827
2376.167234	.70438
2377.131587	.71074
2378.095941	.71735
2379.060295	.72406
2380.024648	.73041
2380.989002	.736
2381.953355	.74063
2382.917709	.74428
2383.882062	.74704
2384.846416	.74885
2385.810770	.74976
2386.775123	.75016
2387.739477	.75013
2388.703830	.74943
2389.668184	.74829
2390.632538	.74723
2391.596891	.74634
2392.561245	.74564
2393.525598	.7453
2394.489952	.74528
2395.454305	.74548
2396.418659	.74595
2397.383013	.74678
2398.347366	.74802
2399.311720	.7494
2400.276073	.75073
2401.240427	.75204
2402.204781	.7532
2403.169134	.75404
2404.133488	.75458
2405.097841	.7548
2406.062195	.75468
2407.026549	.75419
2407.990902	.75338
2408.955256	.75244
2409.919609	.75138
2410.883963	.75008
2411.848316	.74873
2412.812670	.74762
2413.777024	.74684
2414.741377	.74635
2415.705731	.74609
2416.670084	.7461
2417.634438	.74653
2418.598792	.74748
2419.563145	.74889
2420.527499	.75048
2421.491852	.75187
2422.456206	.75296
2423.420559	.75407
2424.384913	.75517
2425.349267	.7558
2426.313620	.75581
2427.277974	.75546
2428.242327	.75479
2429.206681	.75386
2430.171035	.75297
2431.135388	.752
2432.099742	.75055
2433.064095	.74872
2434.028449	.74702
2434.992802	.74589
2435.957156	.74536
2436.921510	.74519
2437.885863	.74532
2438.850217	.74585
2439.814570	.74678
2440.778924	.74799
2441.743278	.74943
2442.707631	.751
2443.671985	.75249
2444.636338	.75364
2445.600692	.75444
2446.565046	.75506
2447.529399	.75539
2448.493753	.75512
2449.458106	.75433
2450.422460	.7534
2451.386813	.75245
2452.351167	.7512
2453.315521	.74962
2454.279874	.74803
2455.244228	.74675
2456.208581	.7458
2457.172935	.745
2458.137289	.74451
2459.101642	.74464
2460.065996	.74526
2461.030349	.74611
2461.994703	.74732
2462.959056	.7489
2463.923410	.75048
2464.887764	.75193
2465.852117	.75323
2466.816471	.75433
2467.780824	.75514
2468.745178	.75544
2469.709532	.75517
2470.673885	.75459
2471.638239	.75377
2472.602592	.75262
2473.566946	.75128
2474.531300	.74989
2475.495653	.74834
2476.460007	.74685
2477.424360	.74568
2478.388714	.74481
2479.353067	.7444
2480.317421	.74461
2481.281775	.74525
2482.246128	.7461
2483.210482	.74733
2484.174835	.74898
2485.139189	.75071
2486.103543	.75218
2487.067896	.75345
2488.032250	.75464
2488.996603	.75563
2489.960957	.75631
2490.925310	.75662
2491.889664	.75645
2492.854018	.75579
2493.818371	.75468
2494.782725	.75333
2495.747078	.75191
2496.711432	.75036
2497.675786	.74879
2498.640139	.74753
2499.604493	.74679
2500.568846	.74652
2501.533200	.74657
2502.497553	.74697
2503.461907	.748
2504.426261	.74959
2505.390614	.75129
2506.354968	.75303
2507.319321	.75491
2508.283675	.75675
2509.248029	.75833
2510.212382	.75952
2511.176736	.76029
2512.141089	.76065
2513.105443	.76054
2514.069797	.75987
2515.034150	.75877
2515.998504	.75749
2516.962857	.75609
2517.927211	.75455
2518.891564	.75306
2519.855918	.75187
2520.820272	.75097
2521.784625	.75043
2522.748979	.75043
2523.713332	.75095
2524.677686	.75198
2525.642040	.75342
2526.606393	.75514
2527.570747	.75713
2528.535100	.75925
2529.499454	.76124
2530.463807	.76292
2531.428161	.76428
2532.392515	.76527
2533.356868	.76579
2534.321222	.76587
2535.285575	.76555
2536.249929	.76479
2537.214283	.76345
2538.178636	.76171
2539.142990	.76015
2540.107343	.75875
2541.071697	.75733
2542.036050	.75605
2543.000404	.7552
2543.964758	.75508
2544.929111	.75575
2545.893465	.75695
2546.857818	.75841
2547.822172	.76001
2548.786526	.76181
2549.750879	.76394
2550.715233	.76626
2551.679586	.76837
2552.643940	.76996
2553.608294	.771
2554.572647	.77161
2555.537001	.77175
2556.501354	.7712
2557.465708	.77009
2558.430061	.7688
2559.394415	.7674
2560.358769	.76585
2561.323122	.76417
2562.287476	.76243
2563.251829	.76085
2564.216183	.75983
2565.180537	.75954
2566.144890	.75998
2567.109244	.76101
2568.073597	.76223
2569.037951	.7636
2570.002304	.76543
2570.966658	.76773
2571.931012	.77013
2572.895365	.77216
2573.859719	.77368
2574.824072	.77483
2575.788426	.77553
2576.752780	.77558
2577.717133	.77507
2578.681487	.77411
2579.645840	.77271
2580.610194	.771
2581.574547	.76926
2582.538901	.76756
2583.503255	.76576
2584.467608	.76397
2585.431962	.76251
2586.396315	.76171
2587.360669	.76164
2588.325023	.76215
2589.289376	.7631
2590.253730	.76457
2591.218083	.76657
2592.182437	.76882
2593.146791	.77095
2594.111144	.77289
2595.075498	.77459
2596.039851	.77581
2597.004205	.77632
2597.968558	.77626
2598.932912	.77574
2599.897266	.77469
2600.861619	.77316
2601.825973	.77125
2602.790326	.76911
2603.754680	.76694
2604.719034	.76481
2605.683387	.76282
2606.647741	.76126
2607.612094	.76027
2608.576448	.75981
2609.540801	.7599
2610.505155	.76051
2611.469509	.76165
2612.433862	.76343
2613.398216	.7655
2614.362569	.76729
2615.326923	.76885
2616.291277	.7704
2617.255630	.77181
2618.219984	.77262
2619.184337	.77265
2620.148691	.77209
2621.113045	.77103
2622.077398	.7694
2623.041752	.76731
2624.006105	.76505
2624.970459	.76265
2625.934812	.76012
2626.899166	.75784
2627.863520	.75593
2628.827873	.75437
2629.792227	.75344
2630.756580	.75328
2631.720934	.75373
2632.685288	.75453
2633.649641	.75564
2634.613995	.75723
2635.578348	.75911
2636.542702	.7609
2637.507055	.76234
2638.471409	.76336
2639.435763	.76407
2640.400116	.7644
2641.364470	.76403
2642.328823	.76297
2643.293177	.76141
2644.257531	.75938
2645.221884	.75701
2646.186238	.75458
2647.150591	.75203
2648.114945	.74933
2649.079298	.7471
2650.043652	.74565
2651.008006	.74447
2651.972359	.74344
2652.936713	.74322
2653.901066	.74412
2654.865420	.74562
2655.829774	.74708
2656.794127	.74841
2657.758481	.74988
2658.722834	.75148
2659.687188	.75288
2660.651542	.75377
2661.615895	.75407
2662.580249	.75396
2663.544602	.75338
2664.508956	.7519
2665.473309	.74976
2666.437663	.74761
2667.402017	.74538
2668.366370	.74271
2669.330724	.73985
2670.295077	.73724
2671.259431	.73523
2672.223785	.73396
2673.188138	.73315
2674.152492	.73279
2675.116845	.73307
2676.081199	.73378
2677.045552	.73493
2678.009906	.73672
2678.974260	.73878
2679.938613	.74053
2680.902967	.74184
2681.867320	.74288
2682.831674	.74368
2683.796028	.74393
2684.760381	.74342
2685.724735	.74228
2686.689088	.74069
2687.653442	.73871
2688.617795	.73649
2689.582149	.73413
2690.546503	.73161
2691.510856	.72896
2692.475210	.7266
2693.439563	.72502
2694.403917	.72424
2695.368271	.72396
2696.332624	.72402
2697.296978	.72453
2698.261331	.72555
2699.225685	.72705
2700.190039	.72898
2701.154392	.73097
2702.118746	.73267
2703.083099	.73407
2704.047453	.73525
2705.011806	.73608
2705.976160	.73619
2706.940514	.73535
2707.904867	.73402
2708.869221	.73251
2709.833574	.7307
2710.797928	.72856
2711.762282	.72612
2712.726635	.72358
2713.690989	.72144
2714.655342	.71993
2715.619696	.71882
2716.584049	.71801
2717.548403	.71794
2718.512757	.71886
2719.477110	.72025
2720.441464	.7218
2721.405817	.72374
2722.370171	.72593
2723.334525	.72811
2724.298878	.73024
2725.263232	.73193
2726.227585	.73294
2727.191939	.73341
2728.156293	.73343
2729.120646	.73303
2730.085000	.73213
2731.049353	.7305
2732.013707	.7282
2732.978060	.7258
2733.942414	.72376
2734.906768	.72212
2735.871121	.72078
2736.835475	.71971
2737.799828	.71907
2738.764182	.719
2739.728536	.71943
2740.692889	.72029
2741.657243	.72179
2742.621596	.72399
2743.585950	.72666
2744.550303	.72945
2745.514657	.73204
2746.479011	.73422
2747.443364	.73587
2748.407718	.73696
2749.372071	.73756
2750.336425	.73765
2751.300779	.73716
2752.265132	.73609
2753.229486	.73459
2754.193839	.73293
2755.158193	.7313
2756.122546	.72956
2757.086900	.72768
2758.051254	.72592
2759.015607	.72475
2759.979961	.72447
2760.944314	.72498
2761.908668	.72605
2762.873022	.72762
2763.837375	.72985
2764.801729	.73268
2765.766082	.73567
2766.730436	.73848
2767.694790	.74092
2768.659143	.7429
2769.623497	.74445
2770.587850	.74564
2771.552204	.7463
2772.516557	.74623
2773.480911	.74553
2774.445265	.74432
2775.409618	.74267
2776.373972	.74064
2777.338325	.73848
2778.302679	.73663
2779.267033	.73518
2780.231386	.73394
2781.195740	.73302
2782.160093	.73284
2783.124447	.73367
2784.088800	.73527
2785.053154	.73723
2786.017508	.7396
2786.981861	.74237
2787.946215	.74527
2788.910568	.74804
2789.874922	.75043
2790.839276	.75256
2791.803629	.75432
2792.767983	.75533
2793.732336	.75559
2794.696690	.75513
2795.661043	.75392
2796.625397	.75237
2797.589751	.75073
2798.554104	.74873
2799.518458	.74645
2800.482811	.74455
2801.447165	.7432
2802.411519	.74221
2803.375872	.74166
2804.340226	.74179
2805.304579	.7428
2806.268933	.74458
2807.233287	.74686
2808.197640	.74942
2809.161994	.75225
2810.126347	.75533
2811.090701	.75845
2812.055054	.76127
2813.019408	.76333
2813.983762	.76449
2814.948115	.76506
2815.912469	.76505
2816.876822	.76434
2817.841176	.76309
2818.805530	.76142
2819.769883	.75928
2820.734237	.75699
2821.698590	.75498
2822.662944	.75321
2823.627297	.75169
2824.591651	.75093
2825.556005	.75086
2826.520358	.75116
2827.484712	.75226
2828.449065	.75441
2829.413419	.75717
2830.377773	.76028
2831.342126	.76357
2832.306480	.7666
2833.270833	.76927
2834.235187	.77171
2835.199541	.7738
2836.163894	.77507
2837.128248	.77514
2838.092601	.77436
2839.056955	.77333
2840.021308	.77205
2840.985662	.77019
2841.950016	.7678
2842.914369	.76526
2843.878723	.76287
2844.843076	.76078
2845.807430	.75916
2846.771784	.75813
2847.736137	.75768
2848.700491	.75798
2849.664844	.75942
2850.629198	.7619
2851.593551	.76502
2852.557905	.7686
2853.522259	.77239
2854.486612	.77598
2855.450966	.77913
2856.415319	.78184
2857.379673	.78388
2858.344027	.78475
2859.308380	.78467
2860.272734	.78427
2861.237087	.78348
2862.201441	.78197
2863.165794	.77994
2864.130148	.77769
2865.094502	.77537
2866.058855	.77311
2867.023209	.7712
2867.987562	.77006
2868.951916	.76985
2869.916270	.7704
2870.880623	.77164
2871.844977	.7736
2872.809330	.77606
2873.773684	.77884
2874.738038	.78213
2875.702391	.78568
2876.666745	.78891
2877.631098	.79168
2878.595452	.79381
2879.559805	.79494
2880.524159	.79526
2881.488513	.79513
2882.452866	.79428
2883.417220	.79263
2884.381573	.79054
2885.345927	.78811
2886.310281	.78541
2887.274634	.78298
2888.238988	.781
2889.203341	.7793
2890.167695	.77797
2891.132048	.77735
2892.096402	.77781
2893.060756	.77941
2894.025109	.78169
2894.989463	.7844
2895.953816	.7876
2896.918170	.79117
2897.882524	.79461
2898.846877	.79748
2899.811231	.7997
2900.775584	.80138
2901.739938	.80241
2902.704291	.80249
2903.668645	.8017
2904.632999	.80031
2905.597352	.79833
2906.561706	.79605
2907.526059	.79369
2908.490413	.79103
2909.454767	.78804
2910.419120	.78541
2911.383474	.78368
2912.347827	.78271
2913.312181	.78226
2914.276535	.78238
2915.240888	.78335
2916.205242	.78527
2917.169595	.78788
2918.133949	.79093
2919.098302	.79419
2920.062656	.79741
2921.027010	.80045
2921.991363	.80322
2922.955717	.80535
2923.920070	.80655
2924.884424	.80674
2925.848778	.80601
2926.813131	.80475
2927.777485	.80292
2928.741838	.80038
2929.706192	.79776
2930.670545	.7955
2931.634899	.79333
2932.599253	.79119
2933.563606	.7895
2934.527960	.78875
2935.492313	.78906
2936.456667	.79038
2937.421021	.79268
2938.385374	.79562
2939.349728	.79891
2940.314081	.80233
2941.278435	.80564
2942.242789	.80886
2943.207142	.81183
2944.171496	.81401
2945.135849	.81516
2946.100203	.81544
2947.064556	.81497
2948.028910	.81375
2948.993264	.8118
2949.957617	.80933
2950.921971	.8066
2951.886324	.80363
2952.850678	.80066
2953.815032	.79805
2954.779385	.79604
2955.743739	.79469
2956.708092	.79405
2957.672446	.79415
2958.636799	.79528
2959.601153	.79747
2960.565507	.80034
2961.529860	.80373
2962.494214	.80741
2963.458567	.81076
2964.422921	.81366
2965.387275	.81616
2966.351628	.81798
2967.315982	.81891
2968.280335	.81914
2969.244689	.81871
2970.209042	.81728
2971.173396	.81476
2972.137750	.81167
2973.102103	.80876
2974.066457	.80622
2975.030810	.80377
2975.995164	.80141
2976.959518	.79939
2977.923871	.79798
2978.888225	.79746
2979.852578	.79787
2980.816932	.79925
2981.781286	.80174
2982.745639	.80501
2983.709993	.80834
2984.674346	.81153
2985.638700	.81464
2986.603053	.81752
2987.567407	.8199
2988.531761	.82155
2989.496114	.82232
2990.460468	.82211
2991.424821	.82088
2992.389175	.81882
2993.353529	.81631
2994.317882	.81355
2995.282236	.81044
2996.246589	.80723
2997.210943	.80431
2998.175296	.80169
2999.139650	.79956
3000.104004	.7985
3001.068357	.79877
3002.032711	.79995
3002.997064	.80143
3003.961418	.80347
3004.925772	.80671
3005.890125	.81073
3006.854479	.8144
3007.818832	.81723
3008.783186	.81946
3009.747539	.82133
3010.711893	.82258
3011.676247	.82281
3012.640600	.82211
3013.604954	.82069
3014.569307	.81858
3015.533661	.81598
3016.498015	.813
3017.462368	.80978
3018.426722	.80669
3019.391075	.80388
3020.355429	.80137
3021.319783	.79945
3022.284136	.79849
3023.248490	.79864
3024.212843	.79987
3025.177197	.8021
3026.141550	.80503
3027.105904	.80814
3028.070258	.81139
3029.034611	.81473
3029.998965	.8177
3030.963318	.82008
3031.927672	.82182
3032.892026	.82275
3033.856379	.82274
3034.820733	.82186
3035.785086	.82003
3036.749440	.81741
3037.713793	.81451
3038.678147	.81158
3039.642501	.80844
3040.606854	.80531
3041.571208	.80262
3042.535561	.80049
3043.499915	.79907
3044.464269	.79877
3045.428622	.79949
3046.392976	.8008
3047.357329	.80266
3048.321683	.80526
3049.286037	.80849
3050.250390	.8119
3051.214744	.81518
3052.179097	.81815
3053.143451	.82049
3054.107804	.82191
3055.072158	.82229
3056.036512	.8218
3057.000865	.82054
3057.965219	.8186
3058.929572	.81608
3059.893926	.81312
3060.858280	.80998
3061.822633	.80678
3062.786987	.80353
3063.751340	.80063
3064.715694	.79852
3065.680047	.79729
3066.644401	.79702
3067.608755	.79772
3068.573108	.79917
3069.537462	.80149
3070.501815	.80472
3071.466169	.80829
3072.430523	.81166
3073.394876	.81475
3074.359230	.81751
3075.323583	.81953
3076.287937	.82059
3077.252290	.82087
3078.216644	.82039
3079.180998	.81896
3080.145351	.8167
3081.109705	.81387
3082.074058	.81077
3083.038412	.80752
3084.002766	.80411
3084.967119	.80095
3085.931473	.79858
3086.895826	.79691
3087.860180	.79588
3088.824534	.79576
3089.788887	.79667
3090.753241	.79851
3091.717594	.80096
3092.681948	.80372
3093.646301	.80674
3094.610655	.80985
3095.575009	.81275
3096.539362	.81532
3097.503716	.81737
3098.468069	.81851
3099.432423	.81852
3100.396777	.81765
3101.361130	.81618
3102.325484	.81408
3103.289837	.81137
3104.254191	.80829
3105.218544	.80504
3106.182898	.80183
3107.147252	.79898
3108.111605	.79671
3109.075959	.79488
3110.040312	.79348
3111.004666	.79307
3111.969020	.79419
3112.933373	.79655
3113.897727	.79938
3114.862080	.80238
3115.826434	.80557
3116.790787	.80872
3117.755141	.81156
3118.719495	.81409
3119.683848	.81602
3120.648202	.81684
3121.612555	.81659
3122.576909	.81564
3123.541263	.81401
3124.505616	.81159
3125.469970	.80862
3126.434323	.80538
3127.398677	.8021
3128.363031	.7992
3129.327384	.79681
3130.291738	.79459
3131.256091	.79254
3132.220445	.79118
3133.184798	.79123
3134.149152	.79273
3135.113506	.79503
3136.077859	.7978
3137.042213	.80108
3138.006566	.80438
3138.970920	.80735
3139.935274	.81019
3140.899627	.81269
3141.863981	.81421
3142.828334	.81476
3143.792688	.81459
3144.757041	.81359
3145.721395	.81178
3146.685749	.80937
3147.650102	.80641
3148.614456	.80321
3149.578809	.79997
3150.543163	.79669
3151.507517	.79367
3152.471870	.79131
3153.436224	.78979
3154.400577	.78925
3155.364931	.7899
3156.329284	.79142
3157.293638	.79329
3158.257992	.79565
3159.222345	.79885
3160.186699	.80239
3161.151052	.80561
3162.115406	.8084
3163.079760	.81066
3164.044113	.81208
3165.008467	.81256
3165.972820	.81219
3166.937174	.81093
3167.901528	.80889
3168.865881	.80617
3169.830235	.80293
3170.794588	.79957
3171.758942	.79629
3172.723295	.79312
3173.687649	.79033
3174.652003	.78823
3175.616356	.78693
3176.580710	.78644
3177.545063	.7869
3178.509417	.7884
3179.473771	.79078
3180.438124	.7938
3181.402478	.79729
3182.366831	.80079
3183.331185	.80376
3184.295538	.80613
3185.259892	.80804
3186.224246	.80935
3187.188599	.80984
3188.152953	.8094
3189.117306	.80817
3190.081660	.80621
3191.046014	.80339
3192.010367	.79992
3192.974721	.79633
3193.939074	.79302
3194.903428	.79023
3195.867782	.78785
3196.832135	.78562
3197.796489	.78404
3198.760842	.7839
3199.725196	.78499
3200.689549	.78673
3201.653903	.78899
3202.618257	.79174
3203.582610	.79488
3204.546964	.7982
3205.511317	.80138
3206.475671	.80397
3207.440025	.80564
3208.404378	.80649
3209.368732	.80664
3210.333085	.80612
3211.297439	.80475
3212.261792	.8025
3213.226146	.79949
3214.190500	.79608
3215.154853	.79281
3216.119207	.78986
3217.083560	.78713
3218.047914	.7847
3219.012268	.78276
3219.976621	.78161
3220.940975	.78148
3221.905328	.78238
3222.869682	.78433
3223.834035	.78715
3224.798389	.79037
3225.762743	.79345
3226.727096	.79632
3227.691450	.79927
3228.655803	.80199
3229.620157	.80381
3230.584511	.80454
3231.548864	.80449
3232.513218	.80375
3233.477571	.80229
3234.441925	.80017
3235.406279	.79726
3236.370632	.79381
3237.334986	.79054
3238.299339	.78762
3239.263693	.78473
3240.228046	.78197
3241.192400	.78007
3242.156754	.77953
3243.121107	.7797
3244.085461	.78008
3245.049814	.78149
3246.014168	.78436
3246.978522	.78774
3247.942875	.79091
3248.907229	.79403
3249.871582	.79704
3250.835936	.79937
3251.800289	.80087
3252.764643	.80161
3253.728997	.80149
3254.693350	.80069
3255.657704	.79916
3256.622057	.79662
3257.586411	.79344
3258.550765	.79018
3259.515118	.78697
3260.479472	.78399
3261.443825	.78147
3262.408179	.77933
3263.372532	.77763
3264.336886	.7768
3265.301240	.7771
3266.265593	.77845
3267.229947	.78043
3268.194300	.78283
3269.158654	.78577
3270.123008	.78907
3271.087361	.79225
3272.051715	.79489
3273.016068	.79684
3273.980422	.79837
3274.944776	.79921
3275.909129	.79877
3276.873483	.7974
3277.837836	.79568
3278.802190	.79347
3279.766543	.7906
3280.730897	.78732
3281.695251	.7841
3282.659604	.78128
3283.623958	.77889
3284.588311	.77676
3285.552665	.77505
3286.517019	.77424
3287.481372	.77451
3288.445726	.77573
3289.410079	.77769
3290.374433	.78015
3291.338786	.7831
3292.303140	.78637
3293.267494	.78943
3294.231847	.79203
3295.196201	.79432
3296.160554	.7961
3297.124908	.79675
3298.089262	.79618
3299.053615	.79494
3300.017969	.79316
3300.982322	.79072
3301.946676	.78794
3302.911030	.78504
3303.875383	.78187
3304.839737	.77874
3305.804090	.77614
3306.768444	.77401
3307.732797	.77234
3308.697151	.77152
3309.661505	.77179
3310.625858	.77286
3311.590212	.77464
3312.554565	.77718
3313.518919	.78013
3314.483273	.78335
3315.447626	.78684
3316.411980	.78989
3317.376333	.79195
3318.340687	.79328
3319.305040	.79398
3320.269394	.79373
3321.233748	.79248
3322.198101	.79031
3323.162455	.78748
3324.126808	.78444
3325.091162	.78129
3326.055516	.77809
3327.019869	.77533
3327.984223	.77312
3328.948576	.77127
3329.912930	.76989
3330.877283	.76922
3331.841637	.76961
3332.805991	.77087
3333.770344	.77246
3334.734698	.77457
3335.699051	.77749
3336.663405	.78066
3337.627759	.7837
3338.592112	.78673
3339.556466	.7894
3340.520819	.79089
3341.485173	.79113
3342.449527	.79047
3343.413880	.78909
3344.378234	.78718
3345.342587	.78477
3346.306941	.78184
3347.271294	.77863
3348.235648	.77542
3349.200002	.7724
3350.164355	.76984
3351.128709	.76814
3352.093062	.76725
3353.057416	.76664
3354.021770	.76647
3354.986123	.76747
3355.950477	.76945
3356.914830	.77184
3357.879184	.77479
3358.843537	.77822
3359.807891	.78138
3360.772245	.78388
3361.736598	.78559
3362.700952	.78647
3363.665305	.78659
3364.629659	.78608
3365.594013	.785
3366.558366	.78321
3367.522720	.78094
3368.487073	.77865
3369.451427	.77602
3370.415780	.77268
3371.380134	.76924
3372.344488	.76654
3373.308841	.76477
3374.273195	.76379
3375.237548	.76352
3376.201902	.76385
3377.166256	.76498
3378.130609	.76708
3379.094963	.76964
3380.059316	.77233
3381.023670	.77528
3381.988024	.77821
3382.952377	.78064
3383.916731	.78228
3384.881084	.78311
3385.845438	.78343
3386.809791	.78327
3387.774145	.7823
3388.738499	.78058
3389.702852	.77818
3390.667206	.77514
3391.631559	.77173
3392.595913	.76824
3393.560267	.76522
3394.524620	.76282
3395.488974	.76101
3396.453327	.76013
3397.417681	.76009
3398.382034	.76047
3399.346388	.76137
3400.310742	.76316
3401.275095	.76595
3402.239449	.76931
3403.203802	.77249
3404.168156	.77514
3405.132510	.77739
3406.096863	.77932
3407.061217	.7806
3408.025570	.78066
3408.989924	.77968
3409.954278	.7784
3410.918631	.77674
3411.882985	.7744
3412.847338	.77153
3413.811692	.76845
3414.776045	.76553
3415.740399	.76277
3416.704753	.75997
3417.669106	.75782
3418.633460	.75678
3419.597813	.75636
3420.562167	.7565
3421.526521	.75777
3422.490874	.76017
3423.455228	.76304
3424.419581	.76601
3425.383935	.76906
3426.348288	.77188
3427.312642	.77406
3428.276996	.77568
3429.241349	.77672
3430.205703	.7769
3431.170056	.77631
3432.134410	.77525
3433.098764	.77365
3434.063117	.77126
3435.027471	.76819
3435.991824	.76506
3436.956178	.7622
3437.920531	.75948
3438.884885	.75697
3439.849239	.75505
3440.813592	.75378
3441.777946	.75305
3442.742299	.75334
3443.706653	.75492
3444.671007	.75681
3445.635360	.75828
3446.599714	.7601
3447.564067	.76326
3448.528421	.7672
3449.492775	.77047
3450.457128	.77259
3451.421482	.77371
3452.385835	.77382
3453.350189	.77312
3454.314542	.77198
3455.278896	.77025
3456.243250	.76766
3457.207603	.76454
3458.171957	.76129
3459.136310	.75814
3460.100664	.75522
3461.065018	.75265
3462.029371	.7508
3462.993725	.74993
3463.958078	.74998
3464.922432	.75091
3465.886785	.75251
3466.851139	.75444
3467.815493	.7569
3468.779846	.75968
3469.744200	.76232
3470.708553	.76517
3471.672907	.76796
3472.637261	.7696
3473.601614	.76994
3474.565968	.7697
3475.530321	.76923
3476.494675	.76828
3477.459028	.76659
3478.423382	.76403
3479.387736	.76061
3480.352089	.75692
3481.316443	.75361
3482.280796	.75099
3483.245150	.74931
3484.209504	.74829
3485.173857	.74743
3486.138211	.74683
3487.102564	.74688
3488.066918	.74803
3489.031272	.75035
3489.995625	.75304
3490.959979	.75567
3491.924332	.75866
3492.888686	.76155
3493.853039	.76351
3494.817393	.76469
3495.781747	.76534
3496.746100	.76538
3497.710454	.76507
3498.674807	.76453
3499.639161	.76316
3500.603515	.76026
3501.567868	.75595
3502.532222	.75128
3503.496575	.74789
3504.460929	.74653
3505.425282	.74599
3506.389636	.74504
3507.353990	.74369
3508.318343	.74234
3509.282697	.74199
3510.247050	.74371
3511.211404	.74695
3512.175758	.75036
3513.140111	.75346
3514.104465	.75618
3515.068818	.75843
3516.033172	.76031
3516.997526	.7618
3517.961879	.76271
3518.926233	.76295
3519.890586	.7622
3520.854940	.76012
3521.819293	.75681
3522.783647	.75324
3523.748001	.75047
3524.712354	.74834
3525.676708	.74603
3526.641061	.74338
3527.605415	.74083
3528.569769	.73921
3529.534122	.73923
3530.498476	.74034
3531.462829	.74182
3532.427183	.74356
3533.391536	.74548
3534.355890	.7475
3535.320244	.74933
3536.284597	.75115
3537.248951	.75374
3538.213304	.75665
3539.177658	.75879
3540.142012	.76
3541.106365	.76028
3542.070719	.75926
3543.035072	.75675
3543.999426	.75286
3544.963779	.74856
3545.928133	.74505
3546.892487	.74282
3547.856840	.74213
3548.821194	.74221
3549.785547	.74124
3550.749901	.73868
3551.714255	.73605
3552.678608	.73576
3553.642962	.73797
3554.607315	.74071
3555.571669	.74312
3556.536023	.74558
3557.500376	.74834
3558.464730	.75069
3559.429083	.75217
3560.393437	.75362
3561.357790	.75529
3562.322144	.75598
3563.286498	.75515
3564.250851	.75252
3565.215205	.74661
3566.179558	.73866
3567.143912	.73301
3568.108266	.73282
3569.072619	.73737
3570.036973	.74166
3571.001326	.74251
3571.965680	.74149
3572.930033	.74011
3573.894387	.73892
3574.858741	.73862
3575.823094	.7393
3576.787448	.74062
3577.751801	.74273
3578.716155	.7451
3579.680509	.74725
3580.644862	.74991
3581.609216	.75295
3582.573569	.75516
3583.537923	.75624
3584.502276	.75516
3585.466630	.74955
3586.430984	.74178
3587.395337	.73678
3588.359691	.73592
3589.324044	.74019
3590.288398	.74659
3591.252752	.74839
3592.217105	.74494
3593.181459	.74035
3594.145812	.73669
3595.110166	.73456
3596.074520	.73537
3597.038873	.73787
3598.003227	.73927
3598.967580	.74009
3599.931934	.7414
3600.896287	.74378
3601.860641	.74814
3602.824995	.75331
3603.789348	.7576
3604.753702	.76013
3605.718055	.75922
3606.682409	.75543
3607.646763	.75055
3608.611116	.74525
3609.575470	.74563
3610.539823	.752
3611.504177	.75229
3612.468530	.74665
3613.432884	.74547
3614.397238	.74817
3615.361591	.74992
3616.325945	.74817
3617.290298	.74193
3618.254652	.73427
3619.219006	.73029
3620.183359	.73498
3621.147713	.74639
3622.112066	.75628
3623.076420	.76221
3624.040774	.76626
3625.005127	.76869
3625.969481	.76793
3626.933834	.75907
3627.898188	.74044
3628.862541	.72719
3629.826895	.73746
3630.791249	.76251
3631.755602	.77959
3632.719956	.78218
3633.684309	.77954
3634.648663	.78
3635.613017	.78254
3636.577370	.78296
3637.541724	.78139
3638.506077	.78037
3639.470431	.7807
3640.434784	.7813
3641.399138	.78161
3642.363492	.78302
3643.327845	.78627
3644.292199	.78906
3645.256552	.78713
3646.220906	.77895
3647.185260	.76933
3648.149613	.76172
3649.113967	.75741
3650.078320	.76246
3651.042674	.77895
3652.007027	.79998
3652.971381	.81613
3653.935735	.82035
3654.900088	.81107
3655.864442	.79773
3656.828795	.79757
3657.793149	.80988
3658.757503	.81809
3659.721856	.8187
3660.686210	.8183
3661.650563	.8191
3662.614917	.81985
3663.579271	.82051
3664.543624	.82198
3665.507978	.8239
3666.472331	.82427
3667.436685	.81948
3668.401038	.80977
3669.365392	.79838
3670.329746	.7928
3671.294099	.80628
3672.258453	.83028
3673.222806	.83631
3674.187160	.81619
3675.151514	.79248
3676.115867	.79488
3677.080221	.82106
3678.044574	.84115
3679.008928	.84501
3679.973281	.84532
3680.937635	.84822
3681.901989	.84995
3682.866342	.84909
3683.830696	.84766
3684.795049	.84667
3685.759403	.84374
3686.723757	.83056
3687.688110	.80755
3688.652464	.79916
3689.616817	.81433
3690.581171	.8296
3691.545524	.84023
3692.509878	.85547
3693.474232	.86863
3694.438585	.87473
3695.402939	.87747
3696.367292	.87895
3697.331646	.87956
3698.296000	.87909
3699.260353	.87632
3700.224707	.86861
3701.189060	.85781
3702.153414	.85332
3703.117768	.85775
3704.082121	.86196
3705.046475	.86168
3706.010828	.85984
3706.975182	.85676
3707.939535	.84936
3708.903889	.83965
3709.868243	.83475
3710.832596	.83007
3711.796950	.82397
3712.761303	.83365
3713.725657	.85744
3714.690011	.87453
3715.654364	.88178
3716.618718	.88517
3717.583071	.88456
3718.547425	.88152
3719.511778	.88017
3720.476132	.87822
3721.440486	.87127
3722.404839	.86495
3723.369193	.86457
3724.333546	.86346
3725.297900	.85669
3726.262254	.84987
3727.226607	.85027
3728.190961	.85583
3729.155314	.85834
3730.119668	.85207
3731.084022	.8366
3732.048375	.82514
3733.012729	.82881
3733.977082	.83334
3734.941436	.82836
3735.905789	.82582
3736.870143	.83586
3737.834497	.85454
3738.798850	.8712
3739.763204	.87917
3740.727557	.87998
3741.691911	.87599
3742.656265	.85641
3743.620618	.81356
3744.584972	.78564
3745.549325	.80933
3746.513679	.84621
3747.478032	.85019
3748.442386	.82363
3749.406740	.80162
3750.371093	.80261
3751.335447	.80308
3752.299800	.80252
3753.264154	.8243
3754.228508	.8522
3755.192861	.86321
3756.157215	.86397
3757.121568	.86655
3758.085922	.86909
3759.050275	.86727
3760.014629	.8692
3760.978983	.87967
3761.943336	.88932
3762.907690	.89208
3763.872043	.88877
3764.836397	.88098
3765.800751	.87539
3766.765104	.87691
3767.729458	.87708
3768.693811	.86691
3769.658165	.85486
3770.622519	.85525
3771.586872	.86433
3772.551226	.87011
3773.515579	.87143
3774.479933	.87164
3775.444286	.87192
3776.408640	.87228
3777.372994	.87109
3778.337347	.86697
3779.301701	.86474
3780.266054	.87106
3781.230408	.88177
3782.194762	.88869
3783.159115	.89057
3784.123469	.88979
3785.087822	.88948
3786.052176	.89089
3787.016529	.89222
3787.980883	.89202
3788.945237	.89021
3789.909590	.88729
3790.873944	.88399
3791.838297	.88074
3792.802651	.87751
3793.767005	.87372
3794.731358	.86674
3795.695712	.8568
3796.660065	.85234
3797.624419	.85757
3798.588772	.86285
3799.553126	.85431
3800.517480	.83117
3801.481833	.81908
3802.446187	.8379
3803.410540	.86651
3804.374894	.88032
3805.339248	.87429
3806.303601	.85676
3807.267955	.85236
3808.232308	.86978
3809.196662	.88681
3810.161016	.89116
3811.125369	.8894
3812.089723	.8863
3813.054076	.88104
3814.018430	.86789
3814.982783	.8417
3815.947137	.82057
3816.911491	.82923
3817.875844	.85121
3818.840198	.8557
3819.804551	.83975
3820.768905	.82225
3821.733259	.82547
3822.697612	.84864
3823.661966	.86979
3824.626319	.8782
3825.590673	.87821
3826.555026	.87751
3827.519380	.88168
3828.483734	.88826
3829.448087	.88975
3830.412441	.88236
3831.376794	.87279
3832.341148	.87188
3833.305502	.87326
3834.269855	.86578
3835.234209	.85665
3836.198562	.84631
3837.162916	.82676
3838.127269	.81695
3839.091623	.82943
3840.055977	.84259
3841.020330	.84872
3841.984684	.8546
3842.949037	.85733
3843.913391	.85972
3844.877745	.86836
3845.842098	.87811
3846.806452	.88311
3847.770805	.88501
3848.735159	.88527
3849.699513	.88105
3850.663866	.86481
3851.628220	.8369
3852.592573	.80671
3853.556927	.78314
3854.521280	.79085
3855.485634	.83232
3856.449988	.86489
3857.414341	.87317
3858.378695	.8745
3859.343048	.87424
3860.307402	.86841
3861.271756	.85972
3862.236109	.85545
3863.200463	.85298
3864.164816	.84539
3865.129170	.84264
3866.093523	.85428
3867.057877	.86645
3868.022231	.86234
3868.986584	.84481
3869.950938	.83656
3870.915291	.85241
3871.879645	.87358
3872.843999	.87865
3873.808352	.87379
3874.772706	.87557
3875.737059	.88463
3876.701413	.89008
3877.665767	.88818
3878.630120	.87911
3879.594474	.8647
3880.558827	.85626
3881.523181	.86008
3882.487534	.8658
3883.451888	.86313
3884.416242	.8504
3885.380595	.83693
3886.344949	.84045
3887.309302	.85848
3888.273656	.8716
3889.238010	.8724
3890.202363	.8637
3891.166717	.85694
3892.131070	.86432
3893.095424	.87873
3894.059777	.88764
3895.024131	.89157
3895.988485	.8934
3896.952838	.89098
3897.917192	.88127
3898.881545	.86846
3899.845899	.86197
3900.810253	.85896
3901.774606	.85384
3902.738960	.84965
3903.703313	.84631
3904.667667	.84715
3905.632020	.85559
3906.596374	.86463
3907.560728	.87005
3908.525081	.87344
3909.489435	.87559
3910.453788	.87697
3911.418142	.87875
3912.382496	.8816
3913.346849	.88473
3914.311203	.8866
3915.275556	.88506
3916.239910	.88054
3917.204264	.8789
3918.168617	.88262
3919.132971	.88537
3920.097324	.88536
3921.061678	.88713
3922.026031	.88854
3922.990385	.88508
3923.954739	.87864
3924.919092	.87414
3925.883446	.8738
3926.847799	.87486
3927.812153	.87385
3928.776507	.87112
3929.740860	.8689
3930.705214	.86713
3931.669567	.86537
3932.633921	.8666
3933.598274	.87222
3934.562628	.87849
3935.526982	.88301
3936.491335	.88661
3937.455689	.88964
3938.420042	.89209
3939.384396	.89396
3940.348750	.89407
3941.313103	.89115
3942.277457	.88705
3943.241810	.88576
3944.206164	.88714
3945.170517	.8873
3946.134871	.88416
3947.099225	.8791
3948.063578	.87514
3949.027932	.87308
3949.992285	.87187
3950.956639	.87156
3951.920993	.87193
3952.885346	.87279
3953.849700	.87475
3954.814053	.87699
3955.778407	.87845
3956.742761	.88009
3957.707114	.88275
3958.671468	.8859
3959.635821	.88869
3960.600175	.8904
3961.564528	.89141
3962.528882	.89286
3963.493236	.89445
3964.457589	.89484
3965.421943	.89361
3966.386296	.89146
3967.350650	.8891
3968.315004	.88628
3969.279357	.88313
3970.243711	.88042
3971.208064	.87789
3972.172418	.87554
3973.136771	.8742
3974.101125	.87391
3975.065479	.8742
3976.029832	.87521
3976.994186	.87723
3977.958539	.87988
3978.922893	.88238
3979.887247	.88469
3980.851600	.88721
3981.815954	.88986
3982.780307	.89234
3983.744661	.8942
3984.709015	.89521
3985.673368	.89565
3986.637722	.89566
3987.602075	.89466
3988.566429	.89227
3989.530782	.88913
3990.495136	.88604
3991.459490	.88345
3992.423843	.88147
3993.388197	.87927
3994.352550	.87665
3995.316904	.87499
3996.281258	.8749
3997.245611	.87539
3998.209965	.8758
3999.174318	.87662
4000.138672	.87845
